1877830
6710474
10872600
0499549
0068646
1160419
8367814
10698680
0325980
4154796
0111161
10366460
0468569
7131622
0109830
0144084
4154756
0120338
0241527
0993846
1856101
0816692
0107290
10370710
3501632
1255953
0180093
7286456
0110912
1156398
1375666
8178634
2015381
0071562
0119116
12361974
0076759
0332280
0137523
0120815
0120689
6751668
0120737
0407887
0108358
0361748
0470752
2267998
0108052
8579674
8946378
0099685
0081505
0114369
0113277
0477348
0172495
1392214
1853728
0119217
2084970
0078748
0848228
5463162
0075314
0371746
0372784
3521164
0103064
1431045
0093779
0102926
2582802
1392190
0414387
0083658
0796366
1345836
0089218
4633694
3281548
2802144
3498820
0108037
0078788
0110413
2119532
5726616
0088763
0133093
2584384
3397884
5013056
0087843
0087332
3315342
1727824
3896198
0086250
0106977
0090605
0098635
3748528
0088847
0099674
0099487
0118715
0092005
5052448
0121766
3890160
5362988
0246578
1130884
0169547
0381061
0482571
0118749
0338013
0151804
0092991
0120382
0110357
0108550
0050083
0330373
0091763
0780504
0167260
4016934
2278871
0469494
1201607
2488496
1798709
3170832
8503618
0066921
0314331
1950186
10272386
0947798
1843866
0268978
0112641
0086190
0266697
0364569
0112573
0088247
6966692
0409459
0167404
0093058
0208092
7838252
1270798
0114814
0829482
2278388
0245429
2543164
0080684
0088258
1408101
1568346
0060196
0073486
1596363
1074638
0382932
0209144
0062622
0425112
1285016
0073195
0903624
0783233
0181875
0416449
0090756
2194499
2948356
1877832
3783958
0399295
1302006
0082971
0878804
2872718
1119646
0070047
3416742
1659337
0097165
2106476
0080339
0317248
1663202
0120586
3659388
0264464
0091251
0095016
0449059
0091042
0486655
0117951
0105236
0388795
0119008
0765429
0119488
3460252
0304141
0118799
0108399
1675434
4912910
0054215
0032138
1631867
0253474
1979320
0166924
0472043
0328107
0097216
0758758
0077416
0926084
0240772
0167261
1454029
0401792
0353969
0114709
2024544
0126029
0080455
1024648
0116282
0190590
0443706
5027774
2096673
1605783
0317705
0059742
0066999
0347149
0421715
1210166
2380307
0086879
0086197
0434409
0457430
0257044
0083866
0936501
0892769
0119177
0398286
10288566
0067992
0114746
0266543
2582782
0084787
1291584
4846340
0120735
5311514
0780536
0112384
0139654
0031381
0104257
0319061
0093773
0211915
0460791
2948372
0265086
0093870
0034583
4034228
0061722
0099785
0095953
0048424
0162222
1022603
1517451
0057012
0099077
0091064
0105695
0325710
0104952
0327597
0289879
1049413
0454848
7979580
0387564
0112471
0077651
1250777
1205489
0245574
0365748
0198781
0104691
0096438
1895587
0181689
2543472
0071315
0099348
0910970
1045658
0075148
0210945
0118929
0441773
0117381
1979376
4468740
0100157
0375679
0245844
0103639
3741834
0206634
0308644
2562232
1187043
1136608
0361862
0914798
0175880
1170358
1182345
0101414
0095327
0071853
9071322
0327056
0358273
0097757
0405094
0064116
0101921
0119174
8613070
0335266
0058331
0071230
3553976
3606756
0450259
1748122
0363163
0053291
0072431
2245084
0106489
0454876
0190332
0258463
1070874
1010048
0114388
0053221
0105323
0033467
0405159
7653254
0119822
0094226
0790636
1403865
0068473
0097576
0378194
8267604
1323594
0047478
1454468
1065073
0056172
0119698
0120762
0063442
0038650
0107048
0072890
0107207
0054698
0109707
0088846
0107653
1189073
0765443
0454921
0109424
0144117
0106856
4698684
2582846
1504320
0435761
0101507
0381849
0379786
0045152
0063522
0052618
0432283
0082096
5363618
0452623
0083944
0049833
0095765
0082694
0047396
0964517
0088939
0056592
1490017
1588170
0071360
1318514
2103281
0230600
0120863
0094625
0074958
1683526
0118694
1305806
0052357
0093409
0268126
1772341
0112864
1398426
4857264
0068327
0120363
0058150
0081398
0265666
0070666
2980516
0106519
0147612
0249462
0102138
1125849
3076658
0096874
0095647
0485947
1899353
0416320
0017136
0096283
0061418
0266308
0092965
0120601
0079470
1132620
0070735
1028532
0053125
3682448
0113247
0054047
0381681
0072684
0824747
0022100
1646971
1535109
0079944
0108122
0276919
2209418
11032374
0064665
0440963
0041959
0071615
0059578
0107688
0156887
0075860
0095705
0056869
0069293
0067116
0057115
0054331
0372183
0032599
0063350
1855199
0043014
5323662
0058385
0084726
0181865
0050212
1139797
0064115
0061852
0081283
3011894
0080678
0373074
0128445
0106469
0053472
0097441
0074119
0756683
0113568
0140352
1832382
0109445
0107818
0117666
5104604
0075029
6155172
0044081
0083987
1542344
0876563
0058461
0049730
0067328
0053604
0061512
0042192
0084855
0480025
0104348
0013442
0055630
0047296
0277027
0029583
0087884
0065214
0061395
0389557
2358891
0395169
0132477
0814314
0352248
0059113
1924396
0817177
0070511
0089881
0315733
0061811
0056217
0091605
0129167
0061578
1220719
2582496
8239946
0077402
0100150
0104797
0046250
0050976
1306980
0088680
0044706
0075686
0056923
0050825
0022913
0065234
0093389
15097216
0425210
0056058
0245712
0066206
0101410
3612616
0038355
0070034
3544112
1216496
2338151
0107943
0078754
0037913
5074352
2265171
0097814
0083922
0130827
0056687
0299977
0168629
0040506
0338309
0036775
0040897
7668870
0067093
0084503
0051201
0116477
0043456
0085794
0986264
0112579
0125659
0024216
0087544
0056197
0056801
0036855
4729430
2013293
0032976
5116302
0079417
0060827
0054997
0053779
0045061
0037008
0412080
0048545
4080728
0851578
0033870
0069762
0092067
0455590
1655442
0067185
0029947
0085334
0158983
0370986
0498380
0169858
0475276
0046912
0069947
0087553
0045793
0907657
0243017
0307901
0021884
0077405
8075192
0052311
0047437
0042208
0120731
4302938
0060665
0166896
0032553
0042876
2370248
0058777
0097937
5198068
0038787
1821549
0110729
4849438
0350258
1365050
0061184
0048028
0061735
0078841
0070510
0055031
0032455
0025316
2631186
0096163
0065207
0108394
0154420
1602620
0070544
0117589
0032904
0063227
0036342
3262342
0027977
0115751
0043265
0036868
3169706
0093191
0040746
1954470
0010323
0044079
0052561
0978762
0032551
0079522
0287467
0057565
0049406
0344510
1190539
0073341
0111507
0073440
0118845
1063669
0113824
7961060
1527788
0091167
0111495
0118849
0338564
0300140
8108198
10431500
0049366
0301357
0040522
0053198
0101765
0031971
0185125
0072443
0055824
2576852
0104652
0042593
0421082
0037382
0060107
0021749
0048021
10280296
0062229
0248845
4901306
0056218
0031679
0044741
0046359
0072251
0029843
0102536
0861739
0040725
0051459
2431286
0106364
0046268
5168192
0050986
0058946
4430212
0055018
1149362
0057091
0017925
0068182
0039689
0020629
2395469
0048473
0062467
0275277
0091670
3398268
0114787
0074896
0423866
0083946
1754656
0058450
6316138
0340377
0369702
1562872
0318462
0808417
0059646
5186714
10324144
0347304
1235166
0870111
0046438
0036613
2350496
0104684
0107692
0030341
1032846
0106332
0117631
2802154
0401383
0065571
0061809
0012349
0071129
0035446
1865505
10295212
3841424
0026029
0024184
0054167
0053459
0025878
1188996
0042546
0063374
0169102
0023427
0040724
0347048
0080979
0026138
0118843
2140203
0250258
0097202
0408664
0089853
0051808
0068361
0086022
0053946
0019254
6148156
0298845
0030993
0033045
0388473
0046911
0050613
0069467
0053976
0015648
0100998
0372824
0042041
0039628
0260991
0056111
0247586
0069281
2024519
0051036
0120265
0071411
0090967
0045555
0367110
0418455
0037558
1360860
0056732
0018455
0097123
7485048
0457655
0383694
1827487
0050783
0384116
0808506
0110877
0318411
0293715
2404461
0046816
0047528
0374887
0053619
1590089
2082197
0055032
4169250
0374546
0092593
0041546
0476735
0052893
1093370
2758880
0077711
3322420
0043338
0015864
0286244
1069238
0119250
0283509
0015324
0037884
0023969
10189514
7725596
0038890
0401085
7218518
1242422
0376968
4934950
0292490
4635372
8291224
0291350
0091288
0119472
0073312
0101640
0031885
5571734
4434004
0097223
3863552
0056663
0112870
1555149
0405508
0119038
0034240
0028950
0104940
0056443
7060344
2181931
0424205
3390572
2991224
0116231
0140888
1280558
9052870
0038348
2377938
12361178
0086637
0026778
0386064
0880502
0073707
3417422
0018773
0456144
9477520
1620933
7019842
0109117
0242519
0420332
4387040
0375611
0263438
2317337
2283748
5764096
0871510
2356180
1821480
1639426
1171701
3848892
0270053
1327035
0200087
0066763
12996154
10886166
5108870
5834426
2180339
3099498
2322441
13610562
2404233
14060094
11514780
5433138
6920084
8404256
1099212
1502712
8356942
4126476
1469304
0799949
1502404
0758746
6654210
10327252
4465564
2304933
10362466
11755740
0464154
1273235
13069986
1341188
1133985
4477536
3605418
7126948
5033998
0118688
0418832
0112462
0267913
1121096
1673434
0080491
0259324
3045616
0938283
4682266
2191701
1316037
0117765
2345759
0114436
8707922
0103596
1131734
1293847
0312528
0318081
5246700
0983946
1333125
0109813
0287978
2101441
5697572
0498353
1628841
1234719
0430912
10155932
3371366
1588398
1956620
1467304
3554046
0426592
8784956
1232200
0368226
5814060
3829266
0093507
6475714
1361336
0277296
4532826
0115624
10962368
0816462
1213644
4590256
0095179
0118615
3181822
1325004
0120738
0158622
0089893
1480656
0108255
0089173
2403021
1392197
3838992
2193215
10342730
2274648
0949731
0397065
4287320
13056008
7134096
0859163
0257106
1259571
1758810
0242423
0475944
1324999
4334266
1714203
3322940
0805647
0091225
6372694
0377818
10691162
0097388
2171867
7329656
0119190
0424774
9419056
0120185
0102558
10039344
1038686
6772950
0275022
0113820
1617661
0211443
1098327
0120177
5013984
0970416
0811138
1298644
6802400
0331632
0330099
8201852
0160184
3612126
0398913
12383460
5563324
1608290
10682266
10600398
1071875
1075747
0138304
8695030
0108162
0084021
1572315
0865554
0411705
0327162
1921064
2717822
8150814
0952640
1179056
9086228
2592614
1855325
1981128
0061452
0111301
9691136
0462396
2058673
10121392
0238546
0107254
0116654
1261945
0441796
1241317
0102782
0253867
0306047
1103153
2479478
6905696
0185431
13978306
0417148
0120685
0114614
0171363
3835080
7315484
0327554
0305357
1620680
1823664
0097647
0413099
0419706
0357277
1486185
0449010
1767382
2292959
0780622
0970866
0091499
1032815
13061914
1255919
2032572
0081353
0120179
13029044
0383010
1598828
4479380
0109456
0362120
1139668
4799050
0112715
3089630
0446013
1144884
0361620
4913966
1243974
1391034
1222817
6199572
0338459
1686821
0097257
1045778
0100507
4687108
0429591
10418662
1530509
0104692
0901476
0477051
0795461
0228333
4685762
0105428
0362165
0120891
6133466
4986098
6476140
0325703
0120841
4463816
0810913
0106598
1265990
5690360
1606378
1240982
0134983
0383060
1204977
0363282
0368975
3014666
8461224
1464763
0402022
1945062
0209475
0338094
4565520
2582500
1883367
4019560
0356634
0185183
0252076
9820556
4877122
10333426
2205401
1815862
0430304
0234829
0432291
0457400
1087461
0089686
0881891
0257516
1139592
0758730
0104009
0397078
1114740
9252508
0360556
0831887
2039338
0141369
0199626
0085750
0472181
1633356
12783454
0094074
0424823
0405336
1592873
3317234
0106400
4558376
0467197
0167427
0265087
2072230
1073498
0085636
7456312
7897330
0897361
0107978
0088206
0106471
5734576
0257568
0086393
0844671
0119303
0106453
0100934
2620590
1198138
0249380
0100419
1029360
2334871
1273678
0443649
0219653
0093300
0117331
6802308
0110978
0109287
7545266
0430770
1564777
2467046
0119707
6127004
0099697
1674784
11762434
1231580
0115683
0295427
0316732
11012066
0298814
0402901
1285009
0130018
0938330
0110216
0450345
1043726
3138104
3387542
1564585
0087032
0097138
0101917
0155975
1152398
4154916
0288045
0385307
1308728
1600195
0081777
5159414
2296777
0790604
2752772
6494418
2386237
4600952
0315297
0119137
10308928
0370032
0107387
0287717
0240515
2938956
1829012
1801552
0377109
1731697
0808510
0962726
0367652
0106375
0775440
0800069
0118539
0086361
0396592
1114677
0400497
0084745
0436339
10451914
0081383
1014775
0313911
8179388
0364970
0479997
0118998
0329774
0104437
0282209
0305711
3707106
11240506
0119432
9419834
0118661
0430308
0095560
0105629
5539054
3011960
0239395
0322589
3685236
1320261
0891592
0308506
1258972
1247690
0465624
1411704
0217630
0110657
2702724
0365125
0103923
0383222
0110989
0387575
0806147
0097981
0299930
6772804
6821012
0271367
7510346
0290095
0454970
0208003
5709188
1540011
1615918
1517489
1093357
3256226
2784512
2180994
0329028
0454919
1311067
1418377
0190374
0102719
0466342
2885364
5884234
0255798
0098382
2974918
1756851
0382992
0460780
0113451
1179891
0110123
0374536
1731701
0291502
0361467
1935194
0804492
0366174
2403029
4667094
2918436
0094118
0246894
0498381
9134216
2528814
1314228
2372251
0220506
1913166
0482599
0242998
0052077
0106761
1724970
0264150
0960890
4530884
0204626
1901024
0096870
4030600
0116756
1772240
2243537
5913798
0333780
0118604
9173418
0765476
0784972
0361841
0100240
1552224
0108308
0109198
2103254
0119013
0411951
0926129
6513656
0367085
0116514
10183816
0433386
0105477
0089421
1705952
0105643
1366365
0428251
0328099
2967224
10481868
3462710
5893332
1920849
7608028
0076009
1712170
0132245
0419946
1545304
1666186
1016075
0367631
5322012
0454082
3450650
1472584
0118747
0329691
0095882
4694544
0113253
0118665
0455857
0368578
0405469
2948790
0213790
0229260
1334102
5607028
0114345
0119310
0376105
0804452
0110613
0492389
1072748
0250310
7634968
2109184
0369226
1212436
0211181
1232783
1212974
0113114
0166276
0060666
0093756
1552211
0480271
0988849
0486640
0976238
0099994
0437179
3280262
0406759
0455499
0219952
0457495
2637294
0317676
0118570
0204313
2017020
0110647
0115986
0156934
0299172
6684714
0331468
0772193
0102034
0167456
1185266
1231277
1438173
5598292
1151922
0421729
6495770
0339034
0470055
0285462
1975159
0097368
0208988
7256866
0097474
5970844
0467110
0113010
1433822
0091777
0086129
1878841
1468846
1991245
0249516
0103956
0144814
0105128
0393735
0283026
2473682
9531772
0337917
6527426
0100050
0411475
0080391
0110687
2088003
0097179
0065832
0455362
0425430
0095889
1578275
0258038
5059406
0095687
0762114
0192731
1085492
0120764
4382872
0184907
0141109
0327247
0117723
0120604
0361925
0110725
0110907
2339741
0775539
0457297
0119123
2960930
0365957
2799166
3352390
0452681
0089280
1160996
1560985
2358925
1935896
0114825
0120662
2828996
0961722
1659343
0246989
1841642
0814022
0872230
0120458
3658772
6988116
0281373
3216348
0107438
1302067
2923316
0157472
0479968
0357507
2752758
1134854
3038708
0131704
0132910
0175526
0240900
4439620
1464174
2231554
2473510
0093857
3733778
0486578
2193265
1935897
0463872
5689068
2690138
0450336
0186975
1545754
1762399
1452628
0133046
0245803
1545106
0144964
10888594
2300975
0112625
0417056
0429573
2124787
1411664
7255568
0315824
0116421
0270846
0107478
0844993
0979434
2070862
0374563
0335121
9898858
0271263
0489282
0326769
0108539
0326856
0180052
1562871
3322892
0240462
0389328
0231402
0297181
0388419
4419364
1423995
0449086
1457765
1945084
5360952
1305591
0145893
4824308
0295254
0163983
0081529
1403988
3082898
0093278
3622110
1142800
0304711
0176269
4383594
1235448
6774786
3704538
1524575
0800003
1274586
0110857
0239949
0120207
2401807
3702652
0461703
0110027
0329717
2409818
1020885
0205271
1544608
1785635
0162983
0116311
2235779
0144528
4191580
0297162
0119718
0094824
2281159
1231287
6836936
0261289
0283632
1886493
0951335
0490181
0119109
8366590
2309260
0283426
2167202
1213012
8743064
0246544
0484562
0372873
0790804
0276830
0101627
0422774
0120786
1519461
0273517
1053859
0433412
4009460
0200469
1742650
0358349
2215285
0338763
0120596
0400426
1780762
1649443
0780534
4535650
0118589
0308353
0098105
0409011
0462244
1634121
1653690
0160236
1153706
0131646
0265808
1287468
4720702
1833673
0376108
0120390
1132449
7312940
0389957
0462229
1766094
1935302
0811106
0306734
1603257
1288403
10230426
1480295
0785077
0419984
2034139
1649444
1142433
0401815
0308208
6843812
0270980
0476958
0349467
1597522
0238552
1699231
1748197
0120724
0482603
0462395
3327624
0997047
0492486
0421051
0084814
0397044
0270707
1268987
0156841
1535612
1714209
1911662
7721946
1810697
0393635
0785007
1646926
2461132
5882970
3480796
1879032
10739666
2212008
7431594
1756799
10350922
1815708
3774790
0120701
0160484
1316622
1013860
0806027
4244162
0157262
1029231
2574698
0058548
6038600
1757742
0252028
5997666
7721800
7059844
1578882
10062556
0433442
14723224
10930586
1193516
1729637
1712159
2091478
1407049
0808240
1577061
2372222
5456546
1373215
6910020
3595298
1520498
5842616
1708532
2112131
1572311
3477064
1188982
7668842
6439558
