X1;X2;X3;X4;X5;X6;X7;X8;X9;X10;X11;X12;X13;D1;D2
5;175;1;1;5;25;13;22;1;0;1;185.0;248.5;1
3;148;1;4;4;10;5;22;1;1;7;200.0;1866.5;3
3;155;1;3;4;10;7;18;1;1;30;165.0;400.5;3
6;129;2;4;4;10;7;13;1;0;54;81.0;414.4;3
5;175;1;1;4;10;8;12;5;1;41;6.0;249.8;3
4;152;1;2;4;15;8;12;1;0;24;185.0;1006.1;3
5;142;1;4;7;10;10;10;3;1;71;25.0;28.9;1
5;181;1;1;3;5;0;9;1;1;73;356.0;2797.5;3
6;161;1;2;4;15;15;17;4;0;108;90.0;374.6;3
1;105;1;2;5;10;10;10;1;1;124;30.0;296.6;3
6;134;2;3;4;5;5;10;12;0;370;52.0;910.8;3
0;130;1;4;4;10;10;18;4;0;42;40.0;311.6;3
5;120;11;0;0;10;7;15;1;0;131;150.0;375.7;3
3;169;1;3;4;15;10;15;2;1;94;165.0;701.7;3
3;152;2;4;5;5;5;12;2;0;102;125.0;1017.7;3
3;178;0;4;3;10;5;10;1;1;119;93.0;898.1;3
0;113;2;1;4;10;7;13;1;0;161;22.0;115.2;3
6;180;1;4;4;10;5;13;12;0;118;100.0;392.0;3
3;194;1;1;4;10;10;12;3;1;147;200.0;2201.6;3
6;122;1;3;4;10;7;18;5;1;76;55.0;1074.4;3
6;139;1;3;5;10;5;12;3;0;133;63.0;101.2;2
6;154;1;3;5;15;10;12;5;1;130;8.0;213.9;3
2;127;1;2;3;15;5;10;1;1;176;63.0;1099.4;3
3;148;1;2;4;15;15;15;1;0;105;160.0;836.8;3
6;153;10;0;4;15;15;15;2;0;128;70.0;321.5;3
6;132;6;4;4;10;8;5;4;0;154;11.4;263.0;3
0;89;1;1;5;10;7;12;2;1;193;8.0;52.3;3
3;164;1;2;5;15;8;17;1;0;69;250.0;1081.2;3
5;149;1;1;4;5;0;9;1;0;127;321.0;2048.4;3
6;164;1;3;4;10;5;17;1;1;221;150.0;259.4;2
3;140;1;2;4;15;8;12;1;1;58;150.0;373.7;3
6;149;1;3;4;10;5;13;3;0;189;61.0;369.3;3
6;102;1;3;4;5;5;12;5;0;155;7.0;34.3;3
5;153;1;3;4;10;5;12;5;1;152;46.0;122.1;3
5;136;1;4;4;10;0;11;1;0;225;63.0;467.2;3
6;107;2;2;5;25;25;12;5;0;218;11.0;44.0;3
5;195;1;1;5;15;5;13;12;0;177;22.0;322.2;3
5;130;1;4;2;5;0;11;1;0;282;25.0;56.5;3
6;155;1;0;0;15;5;13;1;0;201;103.0;465.4;3
6;127;1;3;5;10;5;13;5;0;140;33.0;327.3;3
6;118;1;1;5;5;5;8;5;0;238;19.0;272.7;3
3;129;5;4;5;10;7;12;3;0;244;28.0;121.6;3
6;108;1;4;4;5;5;20;1;0;158;58.0;782.8;3
1;142;1;3;5;10;5;12;3;0;149;55.0;678.2;3
6;165;1;4;5;15;15;12;3;0;141;100.0;426.1;3
3;162;1;4;4;10;10;12;1;0;202;237.0;2847.4;3
5;162;1;1;4;10;5;12;1;0;191;130.0;185.4;1
3;157;2;3;5;5;5;13;2;1;216;150.0;896.7;3
5;106;1;4;4;10;10;10;3;0;234;3.3;49.4;3
5;119;2;4;4;10;8;8;1;0;199;95.0;384.9;3
5;121;1;3;5;10;25;12;1;1;208;30.0;85.0;3
5;169;1;3;5;15;5;13;3;0;215;70.0;482.3;3
3;121;1;2;4;10;7;12;1;0;241;170.0;773.4;3
5;100;1;2;4;10;5;12;4;0;297;35.0;469.3;3
3;130;1;4;5;15;8;13;3;0;246;40.0;109.7;3
0;110;1;3;3;5;5;7;3;1;1383;2.0;0.0;0
2;117;1;4;4;5;0;8;15;0;203;90.0;375.5;3
5;99;1;1;4;15;8;12;2;0;261;25.0;173.1;3
4;189;1;1;4;10;10;12;5;0;183;60.0;286.8;3
6;102;1;1;5;10;8;13;3;0;279;4.5;7.4;2
5;146;1;3;3;10;8;12;12;0;235;25.0;47.0;2
3;201;0;4;3;10;5;10;1;0;228;94.0;1146.4;3
6;104;1;0;0;10;10;10;8;0;312;4.5;255.7;3
1;121;1;1;5;10;10;12;1;0;224;11.0;775.4;3
5;170;1;1;5;10;10;13;1;0;187;60.0;187.4;3
3;143;1;2;5;5;5;12;1;0;273;140.0;654.3;3
5;117;1;1;5;10;7;10;1;1;77;65.0;456.1;3
5;138;1;1;4;10;5;12;7;0;302;80.0;294.8;3
6;139;11;3;4;15;5;12;12;0;112;40.0;180.6;3
1;98;1;3;5;10;5;10;2;1;271;16.0;30.9;2
5;130;1;4;4;5;5;12;12;1;450;23.0;321.8;3
3;169;0;4;4;10;7;12;2;0;314;180.0;1017.0;3
3;135;1;4;4;10;8;15;3;0;275;40.0;216.6;3
5;151;1;3;5;10;5;13;5;0;272;90.0;291.5;3
6;147;1;3;5;10;7;10;3;0;232;31.5;92.2;3
5;122;1;4;5;10;0;10;5;0;290;25.0;171.6;3
3;114;1;4;4;5;10;8;2;0;374;19.0;64.5;3
5;110;5;3;4;10;10;13;1;0;190;115.0;19.6;0
5;142;2;2;5;10;5;13;2;0;410;130.0;797.5;3
5;97;2;1;4;5;5;8;3;1;324;35.0;24.2;0
6;119;1;0;0;20;12;20;1;1;174;110.0;785.9;3
5;130;1;3;4;25;5;13;1;0;258;180.0;854.0;3
5;158;1;1;5;15;10;15;3;0;213;25.0;76.2;3
2;107;1;4;4;5;0;8;15;1;292;150.0;644.1;3
5;178;1;0;0;15;5;12;12;0;197;72.0;213.2;3
3;149;2;4;3;10;8;5;2;1;551;12.0;65.9;3
6;113;2;2;5;10;10;15;1;0;249;34.0;226.9;3
6;113;1;4;5;5;5;12;3;0;320;6.0;7.0;1
3;133;1;4;4;5;5;12;1;1;449;200.0;1056.1;3
5;122;1;4;4;10;5;10;3;0;264;15.0;356.3;3
6;114;1;1;6;10;10;12;5;0;298;1.3;28.6;3
4;117;1;3;5;15;5;12;1;0;422;28.0;41.7;1
0;140;1;3;3;5;5;13;1;0;426;25.0;23.3;0
6;130;1;4;4;10;7;13;12;0;349;28.0;133.4;3
5;126;5;0;0;10;8;15;1;0;470;93.0;263.9;3
3;116;1;3;3;10;8;10;2;1;262;19.0;383.3;3
3;146;2;3;4;10;5;13;2;0;352;150.0;977.1;3
6;132;0;4;5;5;5;12;3;0;285;4.0;41.9;3
0;108;0;4;4;25;15;12;4;0;278;14.0;90.3;3
3;179;0;4;3;10;5;10;1;0;412;94.0;947.9;3
5;202;1;3;4;10;8;13;5;0;175;13.0;47.9;3
3;126;1;1;3;10;5;12;1;0;341;140.0;585.8;3
5;124;1;2;5;15;5;10;2;0;368;7.0;471.4;3
6;117;2;3;5;15;5;10;8;1;366;11.0;106.3;3
3;130;2;2;3;10;5;13;2;1;367;125.0;1342.4;3
5;106;1;4;4;5;5;8;5;0;334;6.0;23.3;3
5;126;1;1;5;5;15;13;3;0;299;10.0;225.9;3
5;106;2;2;4;15;15;15;1;0;236;100.0;527.0;3
3;143;1;1;5;10;8;15;1;0;351;220.0;1518.8;3
6;156;1;4;4;10;7;15;1;0;399;135.0;533.0;3
0;128;1;1;4;5;5;10;5;0;1680;15.0;34.6;3
5;102;1;4;4;10;10;8;4;0;474;6.9;8.0;1
6;146;2;3;2;10;8;8;3;0;376;19.0;47.3;3
5;108;1;0;0;5;7;10;3;0;353;20.0;74.0;3
6;155;1;2;5;15;15;12;3;0;407;15.0;43.1;3
0;122;1;1;3;5;5;10;2;0;433;60.0;47.4;0
1;88;1;3;5;5;0;8;15;1;430;45.0;1063.6;3
5;108;1;4;5;10;5;13;3;0;443;13.0;329.4;3
6;102;1;3;5;5;25;12;1;1;504;12.0;37.9;3
6;137;1;1;4;10;7;12;1;0;318;97.0;619.2;3
5;133;1;3;3;5;5;8;3;0;413;3.0;109.1;3
3;120;1;3;4;10;8;12;12;1;360;40.0;224.9;3
0;114;2;4;4;5;5;17;12;0;496;14.0;233.6;3
0;209;1;4;3;10;5;13;12;0;419;159.0;1.0;0
5;137;1;3;5;10;8;10;1;1;463;102.0;520.9;3
6;120;6;3;5;5;5;5;1;1;458;3.0;15.2;3
6;113;1;3;5;5;8;10;4;0;544;20.0;170.8;3
5;116;1;3;5;10;5;12;3;1;601;47.0;203.4;3
5;137;2;4;4;10;7;8;1;0;521;18.5;131.1;3
6;158;1;4;4;10;5;13;5;0;448;90.0;232.6;3
0;113;1;4;4;5;5;8;3;1;955;20.0;306.2;3
3;141;1;4;5;15;5;13;12;0;485;52.0;352.1;3
0;118;1;2;4;5;5;8;4;0;884;5.0;23.1;3
3;138;1;4;4;10;7;10;1;1;535;245.0;2069.5;3
3;147;1;0;0;5;0;10;1;1;517;250.0;1153.3;3
0;103;1;3;4;5;5;13;3;0;503;13.0;33.4;3
5;153;2;2;3;10;5;13;1;0;465;250.0;934.5;3
6;117;1;3;5;10;0;10;4;1;408;15.0;47.0;3
0;127;2;3;5;10;7;10;2;0;547;70.0;137.5;2
3;144;2;3;4;5;5;12;1;1;530;150.0;616.5;3
5;113;1;3;3;15;10;10;7;1;287;9.0;40.0;3
3;125;0;3;5;10;10;8;15;0;480;19.0;355.7;3
6;168;1;4;4;15;15;12;5;0;507;44.0;156.5;3
5;107;2;3;5;10;7;10;1;1;607;6.4;78.4;3
2;102;1;3;1;5;5;8;3;0;712;0.9;4.5;3
5;144;1;0;3;15;5;12;1;0;572;92.0;173.0;2
6;170;1;1;5;10;7;12;5;1;276;25.0;65.9;3
1;95;1;3;5;5;0;8;15;1;688;69.0;543.2;3
3;88;1;2;3;5;0;6;4;0;650;3.5;83.5;3
3;136;1;1;4;5;0;10;1;0;707;170.0;714.4;3
5;123;1;3;4;5;5;12;3;1;525;29.0;118.2;3
5;134;1;1;5;10;5;12;3;0;603;14.0;178.1;3
5;136;1;1;4;10;7;12;1;1;573;200.0;863.8;3
6;178;1;1;4;10;8;12;5;1;488;52.0;116.1;3
5;229;0;2;5;5;5;12;5;0;421;30.0;5.5;0
6;100;1;3;5;10;5;10;1;0;512;15.0;77.2;3
5;104;2;3;5;10;10;15;4;1;494;6.0;83.6;3
6;136;2;4;7;10;8;7;5;0;473;2.2;27.0;3
3;115;1;4;5;5;5;12;15;1;605;92.0;631.6;3
2;108;1;1;4;5;0;8;15;1;453;150.0;1024.1;3
6;93;2;1;5;10;5;12;3;1;630;1.5;16.8;3
3;131;1;2;4;10;5;12;1;0;340;160.0;352.6;3
0;95;2;4;3;10;7;8;4;0;466;1.8;9.5;3
3;161;0;4;4;10;7;12;2;1;689;225.0;959.0;3
5;128;1;4;4;10;10;12;4;0;522;30.0;448.9;3
0;115;0;4;4;5;5;8;3;0;598;3.8;15.8;3
3;105;1;4;4;5;0;7;15;0;445;175.0;807.8;3
3;140;1;0;0;10;7;13;1;1;618;113.0;868.4;3
0;108;2;4;3;10;10;13;3;0;538;15.0;36.9;3
0;123;2;3;4;5;5;12;4;0;585;12.0;87.1;3
1;131;1;1;5;5;8;12;1;1;666;32.5;475.1;3
6;119;1;3;5;10;10;12;5;0;586;13.0;13.1;1
0;119;1;4;5;10;10;12;1;1;369;39.0;40.4;1
0;129;1;1;5;5;5;12;12;0;715;29.0;309.2;3
5;150;5;4;5;10;5;8;12;1;486;35.0;120.1;3
0;148;1;4;3;15;10;10;2;1;520;15.0;56.7;3
0;101;1;4;5;5;0;11;4;0;306;8.0;101.1;3
5;107;1;4;3;5;5;10;1;1;593;15.0;98.3;3
2;100;1;4;5;5;0;7;15;1;696;39.0;121.0;3
0;147;1;2;4;5;5;13;1;1;680;178.0;791.7;3
0;147;1;3;4;5;5;8;12;0;791;28.0;201.6;3
3;161;0;4;5;5;5;12;2;1;516;1.2;25.3;3
5;135;2;4;5;5;5;10;4;0;642;40.0;245.2;3
5;98;1;3;5;10;0;10;5;1;207;7.0;60.6;3
1;103;1;3;5;5;5;12;4;0;557;60.0;264.1;3
5;134;1;4;5;5;5;10;12;0;456;20.0;187.7;3
6;180;5;3;3;5;5;12;3;1;493;4.0;19.5;3
5;97;1;2;5;10;10;10;4;0;631;1.0;51.5;3
1;124;1;1;5;5;7;12;1;0;651;18.0;538.4;3
0;133;1;4;5;5;7;13;12;0;747;50.0;110.2;3
0;129;1;1;5;10;5;12;5;0;820;45.0;186.0;3
6;99;1;3;5;15;10;10;5;0;608;1.2;2.9;3
3;113;1;0;0;5;5;13;1;0;649;178.0;370.5;3
1;115;1;4;5;15;7;10;1;0;337;18.0;389.9;3
5;126;1;4;5;10;10;15;3;0;332;23.0;48.5;3
5;139;1;4;5;15;10;5;1;0;794;40.0;120.7;3
6;116;2;3;5;10;7;12;3;0;614;30.0;46.4;2
5;130;12;0;0;5;0;5;5;0;597;3.3;30.7;3
0;121;1;0;0;10;7;10;4;0;461;2.9;0.2;0
6;122;1;1;4;5;5;10;8;1;648;11.0;441.3;3
3;166;1;4;5;10;5;15;3;0;759;150.0;335.8;3
2;128;1;4;5;5;5;10;4;0;710;16.4;235.9;3
3;127;1;4;4;5;5;10;12;0;423;25.0;236.0;3
6;109;1;2;5;10;5;10;8;0;817;15.0;19.6;1
0;89;1;2;5;10;10;12;4;0;749;10.0;10.8;1
4;118;0;4;5;10;10;7;3;0;722;19.0;83.9;3
5;132;1;2;3;5;7;12;1;0;679;28.0;141.6;3
5;144;1;3;4;15;8;13;2;0;685;108.0;630.2;3
6;147;5;4;5;10;10;15;3;0;611;15.0;20.3;1
6;115;2;4;4;10;10;10;4;0;610;15.0;160.3;3
4;122;1;3;5;10;5;12;1;0;984;55.0;70.0;1
4;94;0;3;4;10;10;12;4;0;667;17.0;151.7;3
6;145;6;3;4;5;5;5;3;0;562;10000.0;37.8;0
3;103;1;4;5;5;10;8;4;0;738;18.0;476.7;3
1;127;1;1;4;5;5;13;12;0;686;35.0;124.9;3
3;94;1;2;4;15;10;10;4;0;705;16.0;68.3;3
5;111;1;3;4;15;12;10;1;0;591;30.0;180.9;3
0;110;2;1;4;5;5;8;1;0;2668;3.0;51.2;3
0;138;1;3;5;5;5;10;5;0;629;35.0;126.2;3
0;156;10;1;5;5;5;7;12;0;627;13.5;92.2;3
2;181;1;4;5;15;5;12;2;0;819;22.0;424.2;3
1;111;1;2;4;5;0;7;15;0;570;150.0;623.7;3
5;157;1;0;0;10;5;13;5;0;179;65.0;84.8;1
0;123;2;4;5;10;5;12;3;1;469;30.0;131.0;3
5;122;1;1;4;10;8;15;4;0;821;21.0;236.4;3
5;152;1;3;4;10;5;15;1;0;662;97.6;225.5;3
3;127;1;0;0;10;5;12;1;0;575;150.0;385.7;3
5;143;2;3;4;10;5;13;1;0;745;200.0;1108.6;3
1;116;0;1;5;5;5;5;4;0;536;20.0;230.1;3
2;100;1;4;4;5;0;8;15;0;815;260.0;592.5;3
5;119;1;1;5;5;5;10;3;1;622;20.0;23.9;1
0;136;1;3;5;15;8;15;3;0;499;36.0;436.2;3
5;109;1;2;3;10;5;8;8;0;703;0.8;32.0;3
5;121;2;2;4;10;10;10;1;1;850;8.0;80.7;3
5;183;1;1;4;5;5;12;3;0;766;15.0;49.1;3
0;130;1;4;5;15;5;12;3;0;748;14.4;159.2;3
3;107;1;3;5;10;10;13;3;1;400;40.0;672.8;3
3;135;1;1;5;15;5;12;12;0;671;58.0;316.8;3
1;115;1;1;3;15;5;10;2;0;723;10.5;792.9;3
2;95;1;2;4;5;0;7;15;0;777;175.0;858.8;3
0;146;1;3;3;5;5;12;3;0;646;25.0;216.6;3
3;116;1;4;5;10;5;13;5;0;472;85.0;450.7;3
4;110;1;4;4;10;0;11;3;0;684;38.0;252.3;3
6;117;1;3;5;5;5;12;5;0;619;8.5;47.4;3
3;132;1;0;0;5;7;12;1;0;795;200.0;746.0;3
3;119;0;3;5;10;8;5;15;0;757;24.0;236.3;3
4;117;2;1;4;10;7;17;1;0;416;30.0;96.2;3
3;122;5;3;5;10;8;7;4;0;871;10.0;174.1;3
2;81;1;3;5;5;5;10;15;0;716;30.0;394.4;3
5;124;1;2;3;10;0;10;5;1;904;40.0;158.7;3
4;112;5;3;5;5;0;6;12;0;772;9.5;426.6;3
6;129;1;4;5;5;5;13;12;0;830;20.0;98.7;3
0;160;1;3;3;5;5;10;12;0;867;18.0;52.1;3
1;100;1;4;6;5;5;7;19;0;836;3.0;0.6;0
3;103;1;4;5;10;10;10;4;1;767;6.0;70.7;3
5;132;1;1;5;5;8;12;1;0;476;54.0;132.5;3
0;113;1;4;5;5;5;12;12;0;954;30.0;136.8;3
0;117;1;3;5;10;5;12;5;0;1001;80.0;181.0;3
0;143;1;4;5;5;5;13;2;0;948;100.0;171.7;2
0;89;0;0;0;5;5;5;15;0;962;3.7;0.5;0
3;106;0;3;3;5;5;5;15;0;806;370.0;358.2;0
6;91;1;4;2;10;8;7;8;0;1006;0.3;47.2;3
5;162;1;1;5;10;8;12;5;1;571;54.0;136.9;3
3;105;1;1;6;5;5;8;3;0;2595;8.0;106.3;3
1;107;2;3;5;10;0;10;2;0;941;26.0;71.9;3
3;87;1;3;5;15;8;10;15;0;849;40.0;46.5;1
3;143;1;4;5;10;5;10;2;0;990;90.0;429.6;3
1;172;1;4;1;5;5;10;12;0;781;8.2;159.4;3
5;113;1;0;0;5;0;8;3;1;737;13.0;96.8;3
0;118;0;4;4;5;5;10;3;1;881;13.0;35.4;3
6;188;1;1;5;15;15;10;3;0;1045;37.0;48.5;1
0;110;1;1;5;15;12;10;4;1;936;21.0;71.4;3
0;129;1;4;5;10;5;12;3;1;800;50.0;109.4;3
6;102;1;4;5;10;5;8;1;0;1052;13.0;53.4;3
0;90;1;4;5;5;0;7;15;1;1130;28.0;504.1;3
5;90;5;3;4;5;8;12;1;1;617;25.0;226.8;3
1;96;1;2;4;5;0;7;15;0;923;175.0;735.1;3
0;154;1;4;5;5;5;12;1;0;991;140.0;454.6;3
2;90;1;2;4;5;0;8;15;0;569;60.0;488.4;3
5;133;1;1;4;10;5;12;3;0;1177;25.0;354.8;3
5;107;1;1;5;10;8;8;3;1;1143;20.0;61.3;3
5;120;1;1;5;5;15;10;3;0;841;1.0;117.3;3
1;100;1;4;5;5;0;6;15;1;818;94.0;940.4;3
1;102;1;2;2;5;0;6;2;1;814;2.8;25.6;3
0;137;2;4;5;5;5;12;3;1;1013;18.6;0.3;0
5;86;0;3;6;18;0;15;4;0;782;1.6;7.3;3
0;218;2;4;4;5;5;10;2;0;1203;15.0;45.7;3
1;88;1;4;5;5;0;8;15;1;1312;90.0;304.3;3
6;99;1;3;5;15;10;10;5;0;608;1.2;2.9;3
3;113;1;0;0;5;5;13;1;0;649;178.0;370.5;3
1;115;1;4;5;15;7;10;1;0;337;18.0;389.9;3
5;126;1;4;5;10;10;15;3;0;332;23.0;48.5;3
5;139;1;4;5;15;10;5;1;0;794;40.0;120.7;3
6;116;2;3;5;10;7;12;3;0;614;30.0;46.4;2
5;130;12;0;0;5;0;5;5;0;597;3.3;30.7;3
0;121;1;0;0;10;7;10;4;0;461;2.9;0.2;0
6;122;1;1;4;5;5;10;8;1;648;11.0;441.3;3
3;166;1;4;5;10;5;15;3;0;759;150.0;335.8;3
2;128;1;4;5;5;5;10;4;0;710;16.4;235.9;3
3;127;1;4;4;5;5;10;12;0;423;25.0;236.0;3
6;109;1;2;5;10;5;10;8;0;817;15.0;19.6;1
0;89;1;2;5;10;10;12;4;0;749;10.0;10.8;1
4;118;0;4;5;10;10;7;3;0;722;19.0;83.9;3
5;132;1;2;3;5;7;12;1;0;679;28.0;141.6;3
5;144;1;3;4;15;8;13;2;0;685;108.0;630.2;3
6;147;5;4;5;10;10;15;3;0;611;15.0;20.3;1
6;115;2;4;4;10;10;10;4;0;610;15.0;160.3;3
4;122;1;3;5;10;5;12;1;0;984;55.0;70.0;1
4;94;0;3;4;10;10;12;4;0;667;17.0;151.7;3
6;145;6;3;4;5;5;5;3;0;562;10000.0;37.8;0
3;103;1;4;5;5;10;8;4;0;738;18.0;476.7;3
1;127;1;1;4;5;5;13;12;0;686;35.0;124.9;3
3;94;1;2;4;15;10;10;4;0;705;16.0;68.3;3
5;111;1;3;4;15;12;10;1;0;591;30.0;180.9;3
0;110;2;1;4;5;5;8;1;0;2668;3.0;51.2;3
0;138;1;3;5;5;5;10;5;0;629;35.0;126.2;3
0;156;10;1;5;5;5;7;12;0;627;13.5;92.2;3
2;181;1;4;5;15;5;12;2;0;819;22.0;424.2;3
1;111;1;2;4;5;0;7;15;0;570;150.0;623.7;3
5;157;1;0;0;10;5;13;5;0;179;65.0;84.8;1
0;123;2;4;5;10;5;12;3;1;469;30.0;131.0;3
5;122;1;1;4;10;8;15;4;0;821;21.0;236.4;3
5;152;1;3;4;10;5;15;1;0;662;97.6;225.5;3
3;127;1;0;0;10;5;12;1;0;575;150.0;385.7;3
5;143;2;3;4;10;5;13;1;0;745;200.0;1108.6;3
1;116;0;1;5;5;5;5;4;0;536;20.0;230.1;3
2;100;1;4;4;5;0;8;15;0;815;260.0;592.5;3
5;119;1;1;5;5;5;10;3;1;622;20.0;23.9;1
0;136;1;3;5;15;8;15;3;0;499;36.0;436.2;3
5;109;1;2;3;10;5;8;8;0;703;0.8;32.0;3
5;121;2;2;4;10;10;10;1;1;850;8.0;80.7;3
5;183;1;1;4;5;5;12;3;0;766;15.0;49.1;3
0;130;1;4;5;15;5;12;3;0;748;14.4;159.2;3
3;107;1;3;5;10;10;13;3;1;400;40.0;672.8;3
3;135;1;1;5;15;5;12;12;0;671;58.0;316.8;3
1;115;1;1;3;15;5;10;2;0;723;10.5;792.9;3
2;95;1;2;4;5;0;7;15;0;777;175.0;858.8;3
0;146;1;3;3;5;5;12;3;0;646;25.0;216.6;3
3;116;1;4;5;10;5;13;5;0;472;85.0;450.7;3
4;110;1;4;4;10;0;11;3;0;684;38.0;252.3;3
6;117;1;3;5;5;5;12;5;0;619;8.5;47.4;3
3;132;1;0;0;5;7;12;1;0;795;200.0;746.0;3
3;119;0;3;5;10;8;5;15;0;757;24.0;236.3;3
4;117;2;1;4;10;7;17;1;0;416;30.0;96.2;3
3;122;5;3;5;10;8;7;4;0;871;10.0;174.1;3
2;81;1;3;5;5;5;10;15;0;716;30.0;394.4;3
5;124;1;2;3;10;0;10;5;1;904;40.0;158.7;3
4;112;5;3;5;5;0;6;12;0;772;9.5;426.6;3
6;129;1;4;5;5;5;13;12;0;830;20.0;98.7;3
0;160;1;3;3;5;5;10;12;0;867;18.0;52.1;3
1;100;1;4;6;5;5;7;19;0;836;3.0;0.6;0
3;103;1;4;5;10;10;10;4;1;767;6.0;70.7;3
5;132;1;1;5;5;8;12;1;0;476;54.0;132.5;3
0;113;1;4;5;5;5;12;12;0;954;30.0;136.8;3
0;117;1;3;5;10;5;12;5;0;1001;80.0;181.0;3
0;143;1;4;5;5;5;13;2;0;948;100.0;171.7;2
0;89;0;0;0;5;5;5;15;0;962;3.7;0.5;0
3;106;0;3;3;5;5;5;15;0;806;370.0;358.2;0
6;91;1;4;2;10;8;7;8;0;1006;0.3;47.2;3
5;162;1;1;5;10;8;12;5;1;571;54.0;136.9;3
3;105;1;1;6;5;5;8;3;0;2595;8.0;106.3;3
1;107;2;3;5;10;0;10;2;0;941;26.0;71.9;3
3;87;1;3;5;15;8;10;15;0;849;40.0;46.5;1
3;143;1;4;5;10;5;10;2;0;990;90.0;429.6;3
1;172;1;4;1;5;5;10;12;0;781;8.2;159.4;3
5;113;1;0;0;5;0;8;3;1;737;13.0;96.8;3
0;118;0;4;4;5;5;10;3;1;881;13.0;35.4;3
6;188;1;1;5;15;15;10;3;0;1045;37.0;48.5;1
0;110;1;1;5;15;12;10;4;1;936;21.0;71.4;3
0;129;1;4;5;10;5;12;3;1;800;50.0;109.4;3
6;102;1;4;5;10;5;8;1;0;1052;13.0;53.4;3
0;90;1;4;5;5;0;7;15;1;1130;28.0;504.1;3
5;90;5;3;4;5;8;12;1;1;617;25.0;226.8;3
1;96;1;2;4;5;0;7;15;0;923;175.0;735.1;3
0;154;1;4;5;5;5;12;1;0;991;140.0;454.6;3
2;90;1;2;4;5;0;8;15;0;569;60.0;488.4;3
5;133;1;1;4;10;5;12;3;0;1177;25.0;354.8;3
5;107;1;1;5;10;8;8;3;1;1143;20.0;61.3;3
5;120;1;1;5;5;15;10;3;0;841;1.0;117.3;3
1;100;1;4;5;5;0;6;15;1;818;94.0;940.4;3
1;102;1;2;2;5;0;6;2;1;814;2.8;25.6;3
0;137;2;4;5;5;5;12;3;1;1013;18.6;0.3;0
5;86;0;3;6;18;0;15;4;0;782;1.6;7.3;3
0;218;2;4;4;5;5;10;2;0;1203;15.0;45.7;3
1;88;1;4;5;5;0;8;15;1;1312;90.0;304.3;3
0;154;1;3;3;15;5;8;3;0;1453;15.0;98.5;3
6;137;1;1;5;15;12;10;1;0;1559;30.0;154.1;3
0;123;2;1;4;5;5;8;12;0;1672;15.0;123.7;3
0;145;0;3;5;5;5;10;3;0;2921;1.2;2.2;2
4;112;0;2;4;5;5;7;1;0;1726;30.0;210.9;3
5;120;0;3;5;10;7;8;3;0;1839;10.0;33.8;3
0;98;0;3;5;5;5;7;3;0;1633;20.0;14.2;0
0;115;1;4;5;5;5;8;4;0;1724;2.5;0.6;0
0;115;1;3;4;5;5;12;1;1;1731;110.0;444.1;3
0;136;1;1;5;10;8;8;3;0;1021;16.0;134.6;3
0;132;1;4;5;15;5;12;3;0;1334;30.0;216.8;3
5;93;1;4;6;5;5;10;1;0;1772;15.0;125.2;3
6;106;0;2;5;10;8;7;3;0;1293;2.0;33.6;3
3;156;1;1;5;5;5;10;3;0;1411;31.0;134.1;3
4;105;1;2;4;5;5;12;1;0;885;93.0;481.8;3
5;116;1;4;5;10;5;15;1;0;1218;25.0;129.2;3
6;107;2;3;5;10;10;15;4;0;1258;15.0;34.1;3
3;108;1;4;5;10;8;10;2;0;1516;40.0;332.5;3
0;104;2;1;4;5;7;7;14;0;2969;20.0;1.2;0
5;128;1;0;0;10;5;8;7;0;1804;2.5;7.8;3
6;120;1;1;5;10;10;10;5;0;1029;6.0;8.6;1
3;105;1;2;5;10;8;12;3;0;1394;20.0;86.0;3
3;104;1;4;5;10;5;10;15;0;1689;70.0;329.8;3
0;113;1;0;0;10;5;10;1;0;1617;25.0;40.9;2
5;118;1;1;5;5;5;13;3;0;1393;11.0;10.0;0
0;95;1;2;3;10;5;10;4;0;2054;16.0;93.3;3
5;129;1;0;0;5;5;12;5;0;1431;30.0;102.6;3
1;93;2;1;2;5;5;8;12;0;1428;16.0;46.7;3
0;112;1;3;5;5;5;8;5;0;1439;6.5;57.5;3
6;147;1;1;5;10;5;10;5;0;1950;48.0;207.5;3
0;78;1;4;5;5;5;5;15;0;2235;4.0;205.8;3
3;100;1;0;0;5;5;10;15;0;1455;60.0;124.6;3
5;99;0;4;3;5;5;8;1;0;2245;0.2;14.5;3
0;202;1;1;5;10;7;10;12;0;1139;33.0;48.2;1
0;114;0;3;5;5;5;5;3;0;1456;4.0;11.2;3
0;172;1;3;5;5;5;10;2;0;1729;4.0;0.2;0
0;149;0;4;3;5;5;5;3;0;1695;32.0;11.5;0
0;101;0;1;4;5;5;7;1;0;2288;1.1;9.1;3
0;106;1;1;5;5;5;10;3;0;1256;36.0;12.5;0
5;125;1;1;5;5;5;12;3;0;1191;26.0;206.7;3
6;141;0;4;3;5;5;13;3;0;1581;47.0;3.6;0
6;165;1;3;4;10;10;10;3;0;2012;4.0;48.1;3
0;133;1;3;4;5;8;7;1;0;1692;27.0;115.2;3
4;113;1;1;5;10;10;10;4;0;1980;13.0;23.1;2
0;129;1;1;5;10;5;10;12;1;2070;18.0;23.4;1
5;94;1;4;5;10;7;15;12;0;2158;18.0;60.7;3
1;212;1;3;5;5;5;7;2;0;1773;15.0;74.4;3
0;129;1;1;3;5;5;7;5;1;1632;2.0;0.6;0
0;121;1;4;4;10;5;8;3;0;444;3.8;23.7;3
0;93;1;0;0;15;12;10;4;0;1933;9.0;17.2;2
0;125;1;4;5;10;5;10;12;1;2023;1.8;50.0;3
5;85;1;1;4;5;5;8;4;0;2083;12.0;78.8;3
0;108;1;3;5;5;5;12;1;0;1920;75.0;290.8;3
0;153;1;1;5;15;5;12;3;0;1570;35.0;22.2;0
2;92;1;4;4;5;0;8;15;0;1853;90.0;497.4;3
0;161;8;4;5;5;5;5;1;0;1860;700.0;303.7;0
2;100;1;4;4;5;0;8;15;0;1373;60.0;468.3;3
5;96;0;2;5;10;10;7;3;0;2209;0.1;0.3;3
6;152;0;0;0;5;5;8;5;0;1953;13.0;104.4;3
3;162;0;3;2;10;7;5;3;0;1577;6.0;0.3;0
5;96;11;2;1;10;7;8;1;1;1906;3.0;23.7;3
0;124;2;4;5;10;10;12;3;1;2024;15.0;85.6;3
0;109;1;3;4;5;5;12;1;0;2118;7.0;55.1;3
5;142;1;4;4;15;8;12;3;0;1856;40.0;165.5;3
5;155;0;4;5;5;5;5;3;0;2182;5.0;13.0;3
0;110;2;4;5;5;5;8;3;0;2646;5.0;109.3;3
1;138;1;4;3;15;8;8;3;0;2016;20.0;306.9;3
0;103;1;1;5;8;0;7;4;0;1736;2.5;1.9;0
3;136;1;4;5;10;5;7;2;0;2105;3.1;0.1;0
5;101;0;3;5;5;5;12;8;0;2177;17.0;209.9;3
0;124;1;1;5;10;5;8;3;0;2550;6.0;54.8;3
0;153;10;1;7;5;5;5;3;0;1717;6.0;1.3;0
1;86;0;1;5;10;10;5;15;0;2050;3.7;30.6;3
0;122;5;3;5;5;5;13;5;0;1848;50.0;72.6;1
5;119;1;4;2;10;5;5;3;0;2160;2.5;0.1;0
0;189;1;4;5;10;7;13;3;0;1965;40.0;205.4;3
0;220;1;4;1;5;5;8;2;0;2223;13.3;65.5;3
0;141;1;4;5;15;5;10;12;0;2525;55.0;113.4;3
6;141;0;4;5;10;8;5;3;0;2425;9.2;24.7;3
5;124;0;3;4;5;5;5;15;1;2331;1100.0;2.6;0
3;93;1;3;4;10;8;8;4;0;3070;4.0;38.3;3
0;197;0;4;3;5;5;8;3;0;1877;11.0;111.9;3
5;123;1;4;5;5;5;13;3;0;2949;55.0;169.7;3
5;120;1;2;5;10;10;5;4;0;2320;6.5;37.3;3
0;172;1;1;4;5;7;7;12;0;3092;12.0;61.7;3
0;114;0;4;5;5;5;5;2;0;2172;0.8;0.1;0
0;121;1;1;4;15;5;8;5;0;2326;22.0;17.3;0
0;185;2;4;4;10;8;7;2;0;2271;11.0;0.2;0
0;100;2;3;4;10;10;10;5;0;2181;25.0;56.1;3
5;105;1;2;5;10;5;8;5;0;3558;1.4;0.0;0
0;132;2;1;5;10;7;10;3;1;1658;15.0;9.9;0
5;130;0;1;4;10;5;8;12;0;2461;3.0;29.8;3
5;115;1;4;5;10;0;10;5;0;2820;14.0;5.1;0
0;197;1;4;4;10;5;10;2;0;2355;12.0;1.8;0
5;144;1;4;5;10;5;13;5;1;1982;30.0;63.8;3
0;178;0;0;0;10;10;12;5;0;2343;10.0;16.7;2
6;129;0;1;5;5;5;5;3;1;2196;2.0;35.1;3
6;98;5;3;5;5;5;7;5;0;2391;2.6;0.4;0
0;100;11;3;4;5;5;12;16;0;2219;27.0;27.2;1
0;170;1;4;5;5;5;7;3;1;2202;17.0;72.6;3
0;119;1;0;0;5;5;8;2;0;2577;3.8;4.1;1
0;129;1;4;2;5;5;10;4;0;2371;5.5;156.0;3
5;102;1;4;3;10;0;8;1;1;2542;4.0;36.0;3
0;134;1;3;5;5;5;8;1;0;2321;55.0;218.8;3
0;64;1;0;6;5;5;5;3;0;3113;0.3;0.0;0
2;103;2;4;4;5;5;10;2;1;877;40.0;228.0;3
0;162;0;4;4;10;7;5;1;0;2804;11.5;4.2;0
0;125;1;2;3;10;8;8;4;0;431;3.0;18.8;3
0;106;1;4;4;10;8;8;4;1;1229;2.8;86.3;3
0;130;1;1;5;5;5;8;3;0;2547;11.0;119.4;3
5;115;1;1;5;10;8;12;4;0;2170;19.0;32.8;2
0;135;0;4;5;10;10;5;3;1;2315;50.0;1.1;0
0;82;1;1;3;10;8;10;4;0;2147;2.5;4.7;2
0;101;2;0;0;5;5;7;5;0;2244;1.5;8.5;3
0;132;1;0;0;5;5;13;3;1;2680;22.0;97.8;3
3;94;2;3;1;5;8;7;4;0;2650;4.0;20.7;3
0;81;0;3;6;5;5;5;15;0;2335;3.0;0.6;0
0;117;10;1;5;5;5;5;5;1;2647;50.0;0.0;0
4;124;1;3;5;10;7;10;12;0;2632;5.0;26.0;3
0;132;0;1;5;5;5;5;3;0;2711;3.0;17.2;3
5;109;1;1;4;10;5;13;3;1;1889;6.0;44.7;3
5;84;1;3;1;10;8;7;4;0;3074;3.6;5.9;2
6;122;0;3;4;5;5;5;4;0;2569;3.3;30.6;3
0;110;1;3;2;5;5;12;12;1;1674;6.0;102.3;3
0;110;1;1;3;10;7;7;3;0;2470;1.8;0.3;0
6;102;0;4;3;5;5;7;4;1;3075;5.5;1.3;0
0;123;0;4;5;5;5;5;3;1;2540;0.5;22.9;3
1;83;1;1;5;5;0;5;15;0;2544;1.5;184.9;3
5;133;0;1;5;5;5;7;12;0;2654;13.0;65.8;3
0;135;1;3;5;15;5;10;10;1;2169;3.7;31.8;3
0;102;1;3;4;5;5;8;3;0;2411;0.9;75.5;3
5;80;1;3;5;10;10;8;3;0;2795;2.7;15.9;3
0;100;1;2;4;5;5;7;5;0;3038;0.4;0.0;0
0;120;0;4;5;10;5;8;1;1;2815;17.0;213.5;3
0;121;1;1;5;5;5;10;12;0;2782;31.0;52.1;2
3;110;1;2;5;5;5;13;3;0;2582;16.5;87.9;3
3;167;0;1;6;10;7;5;3;0;2709;1.0;0.1;0
5;128;1;2;4;5;5;13;1;0;2491;90.0;366.1;3
0;102;1;4;4;10;5;10;4;0;3208;2.5;70.0;3
6;114;0;3;5;5;5;5;1;0;2897;4.5;1.0;0
4;132;0;4;1;5;5;10;10;0;2755;0.6;15.0;3
0;133;0;3;1;5;5;5;1;0;2962;2.5;0.0;0
0;100;1;3;2;5;5;12;5;0;3206;12.5;10.7;0
3;99;0;4;4;5;5;5;1;0;2457;20.0;104.9;3
1;86;1;4;5;5;5;8;15;0;3112;70.0;23.3;0
0;108;1;1;4;5;5;8;4;0;3207;4.0;56.7;3
0;113;1;4;4;5;5;10;4;0;3263;3.0;0.2;0
0;145;1;3;5;5;5;8;1;0;3146;6.2;0.6;0
0;127;1;2;5;10;5;10;12;0;3183;18.0;5.9;0
3;76;1;4;5;5;7;8;15;1;2888;18.0;91.2;3
1;102;1;2;4;5;5;12;15;1;3255;145.0;621.5;3
0;91;1;4;1;5;5;5;4;0;3843;1.2;0.0;0
0;150;0;1;5;5;5;7;1;0;3454;4.5;6.6;1
5;109;1;2;5;10;10;8;3;0;2882;3.0;21.0;3
0;188;0;2;5;10;10;5;3;0;2975;6.0;6.8;1
3;103;0;4;6;10;8;12;15;0;3605;800.0;10.3;0
0;161;2;1;5;5;5;8;2;0;2998;3.0;27.2;3
5;106;0;4;4;5;5;7;1;0;3184;11.7;22.1;2
0;109;1;4;5;10;5;10;4;0;3163;20.0;2.5;0
0;86;0;1;5;5;5;5;3;0;3671;0.1;20.9;3
0;138;1;1;5;5;5;8;3;0;3219;8.5;70.6;3
0;242;2;1;5;15;10;12;3;0;3212;18.0;4.8;0
0;94;10;0;0;5;5;5;16;0;683;90.0;0.0;0
0;151;5;4;4;5;5;8;12;0;2221;12.0;53.3;3
0;116;0;1;4;5;5;5;4;0;4137;17.5;30.7;2
0;97;1;3;5;10;5;8;4;0;3335;4.5;10.6;3
0;113;1;3;5;5;5;8;1;1;2232;11.2;78.9;3
1;125;1;3;3;10;10;7;4;0;2743;2.0;1.0;0
6;180;1;1;5;5;5;7;5;0;3137;35.0;4.5;0
0;121;2;1;5;5;5;12;12;0;3248;17.5;33.9;2
5;131;0;1;4;5;5;10;5;0;3329;13.5;20.9;2
0;135;1;3;5;15;5;10;3;0;3131;24.0;182.0;3
0;102;0;2;7;5;5;5;1;0;2902;0.8;0.1;0
0;107;1;1;4;10;7;5;5;0;3368;0.9;0.0;0
5;157;1;4;5;10;7;12;12;0;3170;90.0;60.3;0
2;101;0;1;3;10;8;15;15;0;3371;34.0;204.8;3
5;110;1;1;5;5;5;10;5;0;3402;27.0;56.3;3
0;122;1;3;4;5;5;8;3;0;2802;1.8;0.0;0
0;135;1;3;5;10;10;8;3;1;2523;1.0;24.4;3
0;139;4;3;3;5;5;5;3;0;4158;5.0;13.2;3
3;130;1;2;4;10;5;7;3;0;3321;1.3;0.1;0
0;145;0;1;3;10;8;7;3;1;3483;21.0;26.8;1
5;124;1;1;5;10;5;13;5;1;3529;20.0;60.4;3
3;117;0;3;3;10;7;5;15;0;3538;1.0;8.7;3
0;88;1;4;5;10;7;7;3;0;3347;0.9;0.0;0
0;159;8;2;5;5;5;5;1;0;5000;18.0;24.5;1
0;103;0;1;5;5;5;7;12;0;3181;0.6;14.7;3
5;83;0;3;5;5;5;5;15;0;3690;330.0;0.9;0
0;112;1;4;4;5;5;10;4;0;4248;0.9;0.4;0
0;120;7;2;4;5;5;8;1;0;3986;31.0;177.4;3
0;92;1;3;2;5;5;8;5;0;3508;0.8;0.0;0
5;96;1;2;4;5;5;5;8;1;3780;0.1;0.2;3
5;123;2;4;5;5;5;10;12;0;3848;6.0;48.6;3
0;181;1;4;4;5;5;5;3;0;2866;9.0;10.4;1
0;103;0;4;5;5;0;6;15;0;3755;12.0;1.3;0
0;191;2;1;4;10;5;7;12;0;2900;22.0;52.8;3
0;127;1;4;4;5;5;5;8;1;3637;0.7;0.2;0
0;96;0;3;5;5;0;8;15;0;3450;40.0;1.2;0
0;116;1;1;5;10;7;5;5;0;3458;3.0;0.0;0
0;138;1;4;5;5;5;7;3;1;2899;1.4;0.2;0
0;165;8;4;5;5;0;5;3;0;3390;31.0;21.9;0
0;100;5;1;4;5;5;7;4;0;3238;15.0;133.4;3
0;154;0;3;5;10;5;7;3;0;3413;2.0;20.9;3
0;123;1;3;4;5;5;8;3;0;3746;12.0;37.8;3
0;134;1;1;5;5;5;8;3;0;4014;15.0;23.2;2
2;101;1;2;4;5;5;12;15;0;5000;60.0;76.2;1
0;163;2;4;5;5;5;7;12;0;3275;23.0;44.0;2
4;144;1;3;5;15;5;10;12;0;3437;88.0;108.5;1
0;88;0;4;1;10;7;5;5;0;3696;0.2;0.0;0
5;96;0;1;5;5;5;5;4;0;4239;14.0;31.6;3
3;152;1;4;5;5;5;10;12;0;2762;40.0;124.0;3
3;126;0;1;5;10;10;5;15;0;4041;30.0;136.5;3
0;94;1;2;3;10;10;8;1;0;4521;0.5;0.1;0
0;193;1;1;5;5;5;8;2;0;3931;27.0;21.2;0
6;105;1;1;6;5;5;10;3;0;3928;1.5;1.5;1
0;116;2;0;0;10;0;10;4;0;3052;9.0;6.2;0
3;93;1;4;4;5;5;5;4;0;5000;3.3;20.8;3
0;121;0;4;5;5;5;5;5;0;3906;2.4;68.0;3
0;89;1;1;5;5;5;12;4;0;3732;0.5;8.7;3
3;125;0;1;4;10;8;5;15;0;3949;3.3;6.1;2
0;106;1;4;5;5;5;12;12;0;4125;25.0;116.7;3
0;98;1;2;5;5;5;12;3;0;3717;1.5;1.7;1
0;131;1;4;3;5;5;10;3;0;4476;7.5;28.0;3
0;118;1;1;6;5;5;7;3;0;5000;1.6;0.0;0
0;321;8;2;5;5;5;5;1;0;4619;184.0;4.4;0
4;90;1;4;2;10;7;10;4;0;4471;14.0;4.3;0
0;111;1;3;5;5;5;8;3;0;3202;1.5;0.2;0
0;141;2;1;5;5;5;8;12;0;4764;14.4;34.7;3
0;141;1;1;5;15;5;7;1;0;3978;19.0;68.7;3
6;129;6;3;5;10;8;5;5;0;3984;5.0;17.2;3
0;81;10;1;3;5;5;7;5;0;4352;3.5;7.3;3
0;127;5;3;5;5;5;5;5;0;4669;14.0;0.1;0
1;87;1;4;5;10;10;7;4;0;4236;1.5;0.5;0
5;140;0;3;5;10;8;7;5;0;4842;12.8;40.1;3
0;139;8;3;5;5;5;5;4;0;4628;4.5;62.5;3
0;135;1;1;5;10;5;10;3;0;4905;5.0;23.9;3
0;121;10;3;3;5;5;7;4;0;3997;4.8;79.3;3
0;70;1;2;3;5;5;5;3;0;5000;0.3;0.0;0
0;105;0;1;5;5;5;5;3;0;3934;1.3;1.7;1
0;96;1;3;5;5;5;8;3;0;4066;2.2;1.6;0
5;95;2;3;5;5;5;5;3;0;4371;12.0;22.3;2
6;81;1;2;3;10;7;7;15;0;5000;21.0;83.1;3
0;108;1;1;3;5;5;12;12;1;4231;25.0;34.7;1
0;94;1;0;0;10;10;8;3;0;4380;3.0;3.5;1
0;90;0;1;6;5;5;5;15;0;3958;300.0;0.9;0
0;169;0;3;7;5;5;8;3;0;5000;9.0;21.1;3
0;129;1;1;4;10;5;8;3;0;5000;16.0;54.0;3
6;88;6;3;5;5;5;5;5;0;5000;1.0;3.4;3
0;100;1;4;4;5;5;12;4;1;4252;8.0;41.1;3
0;126;1;0;0;5;5;7;3;0;5000;2.2;2.8;1
0;134;2;3;1;5;5;10;12;0;1807;4.0;0.0;0
6;134;1;3;5;5;5;10;4;0;4516;2.2;3.0;1
5;103;6;1;5;5;5;5;3;0;5000;4.8;8.9;2
0;133;5;4;5;10;7;10;3;0;4740;56.6;69.4;1
1;112;5;4;5;10;5;7;12;0;5000;10.0;6.4;0
5;80;1;1;1;5;5;5;3;0;5000;0.4;0.0;0
0;105;2;3;1;5;5;8;2;0;5000;1.0;0.0;0
0;105;1;3;4;5;5;7;4;0;4734;8.0;9.1;1
3;205;0;0;0;10;8;5;12;0;5000;1.0;0.1;0
3;102;1;4;2;10;7;8;3;0;4963;2.0;0.1;0
0;115;1;1;5;5;5;8;2;0;4760;12.0;27.7;3
0;89;0;4;2;5;5;5;3;0;5000;0.1;0.4;3
0;76;1;2;2;5;0;7;15;0;1884;6.0;5.6;0
0;90;5;3;1;5;5;5;5;0;4950;0.4;0.6;1
0;98;2;4;4;5;7;8;12;0;4107;12.0;100.1;3
0;137;1;3;5;10;8;5;3;0;4159;6.0;0.1;0
0;94;0;3;4;5;0;6;15;0;4903;5.0;42.2;3
3;107;0;1;5;10;7;5;12;1;4977;0.6;0.1;0
0;160;1;4;5;5;5;7;4;0;5000;2.2;10.0;3
5;80;1;4;5;10;5;7;5;0;5000;1.5;0.0;0
0;118;1;3;5;5;5;7;3;0;5000;8.0;0.0;0
0;96;0;3;5;5;5;7;3;0;5000;4.2;0.7;0
0;136;2;3;5;5;5;10;4;0;5000;4.5;13.4;3
0;158;2;1;4;5;5;8;1;0;4395;7.7;7.1;0
0;179;1;4;2;5;5;7;3;0;822;3.0;0.0;0
0;170;1;4;3;5;5;5;3;0;4575;2.1;23.7;3
0;100;1;2;1;5;5;8;2;0;4733;4.5;0.0;0
0;127;0;1;4;5;5;7;3;1;5000;8.9;29.7;3
1;125;1;2;1;5;0;5;15;1;5000;2.3;76.4;3
0;108;1;1;5;5;5;10;3;0;5000;3.0;0.8;0
0;101;0;3;4;5;0;6;1;0;5000;6.4;8.8;1
6;125;6;0;0;5;5;5;1;0;5000;2.6;36.5;3
0;99;0;4;3;5;5;5;3;0;5000;0.2;3.6;3
0;121;0;3;3;5;5;5;3;0;5000;0.8;1.0;1
0;114;1;3;6;5;5;8;5;0;5000;0.2;0.0;0
5;99;1;1;5;10;10;7;15;0;5000;0.2;3.2;3
6;96;1;3;1;10;8;10;4;0;5000;9.0;40.2;3
0;87;1;1;6;10;7;7;4;0;5000;1.5;0.0;0
5;167;8;1;5;5;5;5;1;0;5000;2500.0;254.2;0
2;137;0;4;1;5;5;12;15;0;5000;5000.0;24.7;0
0;111;1;3;5;5;5;7;1;0;5000;15.0;76.7;3
3;149;0;0;0;10;10;5;3;0;5000;0.2;0.2;1
0;101;1;2;6;10;5;5;5;0;5000;1.2;0.0;0
0;89;0;3;2;5;5;5;3;0;5000;0.2;0.9;3
0;95;1;3;5;20;12;10;4;0;3081;6.0;3.7;0
0;129;2;4;5;5;5;10;2;0;5000;8.0;0.0;0
0;95;1;3;5;10;7;10;5;0;5000;0.8;2.3;3
5;122;2;4;5;5;5;7;12;0;5000;4.5;8.2;2
5;129;5;1;6;10;10;8;4;0;5000;3.5;2.1;0
0;104;8;2;7;5;5;5;1;0;5000;2.3;3.3;1
0;158;8;3;4;5;5;5;3;0;5000;1.5;0.6;0
0;126;1;4;5;5;5;7;2;0;5000;3.0;5.0;2
0;107;1;3;4;10;10;8;4;0;5000;6.4;40.1;3
3;100;0;4;4;5;5;5;15;0;5000;8.5;115.8;3
0;68;1;4;7;10;10;8;4;0;5000;0.2;0.0;0
3;155;8;2;5;5;5;5;4;0;5000;550.0;5.2;0
0;135;2;4;7;5;0;5;3;0;5000;0.5;0.0;0
0;144;10;3;3;5;5;7;3;0;5000;18.0;19.3;1
0;170;0;4;2;5;5;5;4;0;5000;14.0;0.2;0
0;96;2;4;1;10;5;7;7;0;5000;25.0;0.0;0
3;129;1;4;5;5;5;8;4;0;5000;1.9;0.1;0
0;155;5;1;5;5;5;7;5;0;5000;13.0;17.9;1
0;127;0;1;5;5;5;8;12;0;5000;25.0;18.3;0
0;75;1;1;5;5;5;5;3;0;5000;0.4;0.0;0
0;94;1;2;2;5;5;8;3;0;5000;6.4;0.0;0
0;99;1;4;2;5;5;7;4;0;5000;81.2;4.6;0
0;105;2;4;3;10;7;5;3;0;5000;0.3;0.0;0
2;108;5;2;3;5;5;12;15;0;5000;81.2;97.6;1
0;95;0;3;4;10;10;5;1;0;5000;0.4;0.0;0
0;126;0;4;5;5;5;8;12;0;5000;10.0;43.7;3
0;102;1;1;5;5;5;8;4;0;5000;1.1;0.0;0
0;101;2;4;2;5;5;5;3;0;5000;0.1;0.0;0
0;136;0;4;5;5;5;5;3;0;5000;81.2;0.0;0
0;86;2;3;6;5;5;5;3;0;1325;0.2;0.1;0
0;147;8;2;5;5;0;5;1;0;5000;150.0;0.5;0
0;93;0;1;4;5;5;7;15;0;5000;5.3;4.2;0
0;115;12;2;5;5;5;7;1;0;5000;4.0;14.8;3
0;110;0;3;1;5;5;5;3;0;5000;81.2;0.8;0
0;105;11;0;0;5;5;7;12;0;5000;5.5;36.0;3
0;112;1;3;3;5;5;5;5;0;5000;1.2;0.0;0
0;91;0;4;6;10;10;5;3;0;4792;0.4;0.0;0
0;122;2;4;5;15;5;8;12;0;5000;25.0;27.4;1
0;165;8;4;5;5;5;7;3;0;5000;12.0;42.3;3
0;94;1;1;1;5;5;5;3;0;5000;0.2;0.1;0
0;224;8;2;5;5;5;5;3;0;5000;250.0;1.7;0
0;96;5;1;5;5;0;6;15;0;5000;7.3;22.8;3
0;95;1;3;1;10;10;7;2;0;5000;0.9;0.0;0
0;171;7;4;4;5;5;7;3;0;5000;4.0;6.1;2
0;71;1;3;1;5;5;5;8;0;5000;0.3;0.0;0
0;180;0;3;4;10;8;5;3;0;5000;6.0;4.0;0
0;102;5;2;5;5;5;5;4;0;5000;0.8;0.0;0
0;104;8;4;3;5;5;5;3;0;5000;1.0;11.6;3
0;141;8;3;5;5;5;5;1;0;5000;600.0;0.4;0
0;111;0;3;5;5;5;5;3;0;5000;10.0;6.0;0
5;142;0;4;4;10;7;5;2;0;5000;4.0;0.0;0
6;113;0;0;0;5;5;5;3;0;5000;0.8;0.4;0
0;124;1;3;5;5;5;7;3;0;5000;2.0;21.8;3
0;107;1;3;4;10;10;7;4;0;5000;1.1;1.5;1
0;138;8;4;5;5;5;5;1;0;5000;450.0;39.3;0
0;130;0;2;4;5;5;5;3;0;5000;5.5;74.2;3
0;97;5;2;5;5;5;5;4;0;5000;5.5;88.4;3
0;96;1;1;4;5;5;8;3;0;5000;3.4;0.0;0
0;184;8;3;5;5;5;5;12;0;5000;5.5;28.9;3
0;105;1;2;5;5;5;8;4;0;5000;1.2;44.5;3
0;111;1;2;5;10;7;7;3;0;5000;1.8;2.3;1
0;104;1;1;5;10;10;7;4;0;5000;19.0;18.3;0
0;108;0;4;4;5;0;6;12;0;5000;3.0;21.9;3
0;119;0;0;0;8;0;6;3;0;5000;12.0;3.0;0
0;87;0;3;5;5;5;5;3;0;5000;0.7;1.0;1
0;113;0;2;5;5;5;5;1;0;5000;3.5;19.3;3
0;138;8;3;5;5;5;5;4;0;5000;170.0;10.1;0
0;98;5;4;5;5;5;5;4;0;5000;2.0;4.9;3
0;100;2;4;5;5;5;5;8;0;5000;0.4;0.0;0
0;113;0;4;5;5;5;5;3;0;5000;0.6;10.2;3
3;80;5;3;5;5;5;5;15;0;5000;9.5;14.8;2
0;82;1;3;5;10;10;7;4;0;5000;15.0;10.6;0
0;130;0;0;0;5;5;5;3;0;5000;3.6;0.1;0
0;130;5;1;4;5;5;7;3;0;5000;11.0;12.7;1
0;160;8;4;4;5;5;5;5;0;5000;35.0;13.1;0
0;122;8;4;5;5;5;5;3;0;5000;180.0;1.3;0
0;189;8;3;5;5;5;7;3;0;5000;40.0;0.1;0
0;125;7;3;2;5;5;7;3;0;5000;0.5;2.6;3
0;116;5;4;5;5;5;8;3;0;5000;18.2;17.7;0
0;160;8;3;4;5;5;5;1;0;5000;370.0;1.4;0
0;146;8;1;5;5;5;5;2;0;5000;120.0;0.5;0
1;183;8;2;5;5;5;5;4;0;5000;140.0;0.3;0
0;127;0;3;4;5;5;5;2;0;5000;5.0;20.8;3
0;192;8;3;5;5;5;7;3;0;5000;7.0;6.9;0
0;110;12;0;0;5;5;5;3;0;5000;2.9;6.0;3
0;114;1;0;0;5;5;5;1;0;5000;1.3;0.0;0
6;125;2;4;4;5;5;8;5;0;5000;11.0;13.3;1
0;110;5;1;5;5;5;5;4;0;5000;5.5;0.3;0
0;90;1;4;3;5;5;5;2;0;5000;0.7;0.0;0
0;151;8;3;5;5;5;7;4;0;5000;300.0;4.5;0
0;85;1;2;5;10;10;8;4;0;5000;3.0;20.1;3
0;80;5;3;4;5;5;5;4;0;5000;82.0;4.1;0
0;96;5;0;0;5;0;5;3;0;5000;13.0;0.3;0
0;114;0;2;5;5;5;5;5;0;5000;1.5;12.4;3
0;148;8;2;5;5;5;7;1;0;5000;5.9;0.4;0
0;134;8;2;5;5;5;5;3;0;5000;13.0;0.4;0
0;85;1;4;5;5;5;7;4;0;5000;12.0;32.6;3
5;140;6;3;5;5;5;5;1;0;5000;12.8;76.3;3
0;144;8;3;1;5;5;5;4;0;5000;60.0;4.0;0
0;87;10;3;3;5;5;5;1;0;5000;4.3;0.0;0
0;72;1;1;5;10;10;7;4;0;5000;0.9;0.0;0
0;126;8;1;5;5;5;5;4;0;5000;0.9;6.5;3
0;144;8;3;5;5;5;5;4;1;5000;120.0;17.9;0
0;186;8;2;5;5;5;5;12;0;5000;410.0;17.6;0
0;130;8;4;5;5;5;5;3;0;5000;4.4;9.3;3
0;128;0;3;4;5;0;5;1;0;5000;2.0;15.3;3
0;110;0;3;3;5;0;5;4;0;5000;2.5;1.0;0
0;174;8;3;5;5;5;5;1;0;5000;0.9;0.3;0
0;122;8;1;5;5;5;5;3;1;5000;3.0;42.3;3
0;122;1;4;4;5;5;13;1;0;63;6.5;26.9;3
6;92;1;4;5;5;5;15;8;1;212;20.0;47.3;3
6;107;4;4;4;5;5;10;1;0;153;6.5;38.6;3
0;133;1;4;4;10;5;12;1;1;654;70.0;19.7;0
6;87;1;1;3;5;5;12;4;0;615;0.6;0.2;0
0;98;1;0;0;5;5;12;1;0;39;9.0;3.8;0
6;125;1;4;4;10;5;12;3;1;125;40.0;569.7;3
5;105;1;1;4;5;5;8;3;1;270;14.0;69.5;3
3;143;1;2;4;5;5;10;1;0;106;200.0;726.2;3
5;94;1;3;5;5;5;17;4;0;371;6.5;1.4;0
5;122;1;4;5;5;5;17;3;1;204;37.0;408.4;3
3;89;1;2;5;5;7;10;2;0;397;84.0;275.7;3
0;103;1;2;4;5;5;8;1;0;1090;18.0;77.0;3
0;125;1;2;5;10;5;10;1;0;146;125.0;238.2;2
0;121;1;2;5;10;5;10;1;1;126;100.0;336.6;3
6;116;2;2;4;5;5;17;1;0;256;69.0;177.9;3
3;102;1;4;4;5;7;10;1;1;1760;95.0;114.2;1
5;121;1;2;4;5;5;8;1;0;675;88.0;40.1;0
3;154;1;2;4;10;5;12;1;0;956;217.0;605.4;3
3;151;1;4;4;5;5;13;1;1;459;200.0;166.8;0
6;85;1;4;4;5;5;5;8;0;1866;2.0;5.8;3
0;90;1;3;5;5;5;8;8;0;933;6.5;48.0;3
0;116;1;2;5;5;5;15;4;0;752;70.0;57.7;0
2;115;1;2;4;5;5;7;15;1;895;150.0;162.9;1
6;118;1;4;4;5;5;12;3;0;509;55.0;381.5;3
0;109;1;4;4;5;5;13;16;0;1026;7.0;48.8;3
6;105;1;4;4;5;5;12;3;1;790;55.0;372.0;3
0;107;1;3;4;10;7;8;1;1;920;88.0;160.5;2
3;103;1;1;4;5;5;17;1;1;953;78.0;179.2;3
0;93;1;4;4;5;5;12;1;0;588;65.0;51.0;0
3;101;1;3;4;5;8;12;4;0;909;80.0;247.0;3
6;94;1;4;5;7;0;8;4;0;1025;6.0;32.4;3
6;128;5;4;3;10;5;10;3;0;926;45.0;20.4;0
3;114;1;2;4;5;5;18;1;0;1022;200.0;219.9;1
0;118;10;3;4;10;7;12;1;0;405;48.0;73.3;2
6;99;0;2;5;10;7;17;3;0;1005;2.5;5.6;3
3;127;1;1;4;5;5;12;1;1;968;140.0;150.7;1
5;94;1;3;4;5;5;13;1;0;1104;67.0;49.2;0
0;93;1;0;0;5;5;12;5;0;1269;20.0;40.6;3
0;102;1;3;4;5;5;15;4;0;1127;16.0;31.6;2
0;89;1;2;5;5;5;10;1;1;1276;45.0;136.9;3
0;115;1;3;5;5;5;17;2;0;940;120.0;829.7;3
5;103;10;4;4;10;8;10;1;0;1255;60.0;42.1;0
6;71;2;1;5;5;5;5;3;0;2636;1.0;1.6;2
3;100;1;2;4;5;0;10;1;0;1520;120.0;167.9;1
5;97;1;4;5;5;5;10;8;1;1410;19.0;91.5;3
0;110;2;4;4;5;5;7;4;0;876;95.0;73.8;0
0;102;0;1;4;5;5;10;1;0;1811;35.0;99.4;3
5;100;1;1;5;5;5;10;8;1;2095;3.5;95.3;3
0;97;1;3;3;5;8;10;4;0;2421;20.0;100.4;3
5;109;1;3;4;5;5;10;1;1;1371;120.0;221.6;2
6;119;2;3;5;10;7;10;7;1;1434;12.0;23.7;2
1;104;2;2;5;5;0;8;2;0;1451;48.0;20.9;0
0;93;1;2;5;5;5;12;8;1;1553;10.0;14.8;1
5;113;1;2;5;5;5;12;1;0;2728;90.0;63.5;0
6;104;1;2;4;10;10;12;4;1;2837;1.5;15.3;3
0;86;1;0;4;5;5;8;3;1;2242;10.0;20.3;3
0;118;1;3;5;5;5;10;1;0;1774;6.0;0.2;0
3;111;1;2;4;5;5;17;1;0;1735;125.0;409.2;3
6;102;4;3;4;10;10;10;4;1;1030;3.0;1.9;0
2;101;1;1;5;5;5;12;15;1;1542;79.0;133.3;2
6;99;1;2;5;5;5;5;3;0;1649;6.0;5.0;0
6;100;1;3;5;10;8;7;2;1;1752;5.0;12.7;3
5;146;1;0;0;5;5;10;4;0;2052;100.0;290.7;3
4;112;1;2;5;5;5;12;1;1;1947;145.0;403.4;3
0;124;1;2;3;5;5;17;1;1;1638;68.0;698.5;3
6;120;1;1;4;5;5;12;1;0;1489;50.0;55.1;1
6;94;1;1;4;5;5;10;5;0;1249;5.0;32.2;3
6;94;1;3;4;5;7;8;4;0;1708;40.0;126.1;3
6;92;0;0;5;5;5;5;8;1;1956;1.5;0.3;0
0;117;2;3;4;15;5;12;5;0;2313;25.0;71.0;3
3;120;1;2;4;10;5;10;1;0;1966;165.0;389.7;3
0;116;1;4;5;5;5;12;1;0;734;100.0;86.5;0
0;97;1;4;5;5;5;13;1;1;2475;20.0;37.6;2
2;92;1;4;5;5;5;7;15;0;2078;60.0;365.4;3
5;101;1;4;4;15;10;13;1;1;3507;50.0;56.7;1
0;114;2;1;4;5;5;10;3;1;1498;70.0;38.6;0
1;103;1;2;4;10;10;8;1;0;1851;150.0;319.7;3
0;113;11;0;0;5;5;8;8;1;2058;40.0;68.8;2
0;106;1;2;5;5;5;13;1;1;1930;170.0;222.1;1
0;113;1;3;6;5;8;12;4;1;2263;70.0;171.8;3
3;93;1;1;5;5;7;10;2;1;2106;80.0;181.2;3
6;96;1;3;4;5;8;8;8;0;1803;22.0;365.6;3
3;92;1;3;5;5;0;8;4;1;2451;30.0;54.8;2
3;110;1;4;5;5;5;17;1;1;2368;110.0;228.7;3
0;104;1;4;5;5;5;10;1;0;2727;100.0;250.4;3
0;117;1;3;5;5;5;17;2;1;1948;110.0;712.2;3
0;98;1;4;5;10;8;10;1;1;2926;28.0;14.0;0
6;99;1;4;5;5;5;7;2;0;5000;20.5;88.0;3
4;88;1;3;4;5;5;10;4;1;1998;24.0;83.2;3
0;104;1;4;5;5;5;13;3;1;2419;80.0;233.1;3
0;124;2;3;5;5;5;13;1;1;2075;50.0;0.2;0
5;107;7;4;4;5;5;10;1;1;1812;85.0;346.1;3
0;91;1;4;4;5;5;10;18;0;2001;4.0;52.4;3
5;86;1;1;5;5;0;8;2;1;2482;20.0;87.2;3
5;90;2;3;4;5;5;7;2;1;3312;12.0;47.6;3
1;91;1;2;5;5;5;8;4;0;2201;46.0;341.6;3
0;130;2;3;5;5;5;12;1;1;2006;80.0;136.2;2
5;83;1;3;5;5;7;8;4;0;2216;45.0;141.2;3
0;130;1;0;5;5;5;17;2;0;1989;50.0;711.0;3
5;84;1;1;4;5;5;10;4;1;2357;48.0;220.7;3
0;92;1;4;5;5;5;13;1;1;1988;55.0;174.5;3
0;99;1;1;5;5;5;8;3;1;2571;22.0;30.8;1
6;94;1;2;5;10;10;10;8;1;2414;10.2;35.7;3
0;106;1;4;4;5;5;8;1;0;2787;22.0;17.3;0
5;93;1;0;0;5;5;13;4;0;1895;21.0;95.0;3
5;91;1;2;5;10;10;13;2;0;2591;48.0;163.4;3
0;84;1;2;4;5;5;8;5;0;3643;35.0;0.0;0
0;101;1;1;5;5;5;8;3;1;3543;35.0;45.5;1
2;109;1;1;4;5;5;10;2;0;2940;100.0;132.7;1
0;93;1;1;3;10;10;8;3;0;2304;10.0;0.4;0
0;104;1;3;5;5;5;10;4;0;1476;50.0;111.1;3
0;118;1;4;4;5;5;8;4;1;3109;65.0;136.9;3
0;100;1;1;5;5;5;8;1;0;2704;26.0;67.9;3
4;103;1;1;5;5;7;10;4;0;2730;60.0;159.8;3
5;99;1;3;4;5;5;13;8;0;2514;6.5;257.6;3
4;75;1;2;5;5;5;8;1;0;1091;35.0;71.6;3
6;105;1;3;5;10;10;12;8;0;3002;15.0;39.4;3
3;127;1;4;4;10;0;12;1;0;2405;176.0;183.9;1
0;139;1;2;5;10;7;8;1;1;2885;130.0;379.0;3
3;115;1;3;5;5;5;8;4;0;1099;13.2;15.2;1
6;101;1;2;5;5;5;18;4;0;1900;20.0;47.3;3
0;92;1;3;5;5;5;13;1;1;4229;20.0;22.2;1
0;96;1;3;5;5;5;13;4;0;4126;29.9;69.4;3
0;92;1;1;5;5;5;10;1;0;2687;60.0;180.6;3
3;104;1;2;5;5;5;10;1;0;1459;100.0;82.1;0
0;114;7;4;4;5;5;10;1;0;1896;105.0;133.7;1
0;103;10;1;3;5;5;12;4;0;3201;35.0;94.7;3
0;135;2;1;5;5;5;8;1;1;3481;60.0;73.5;1
0;102;1;2;5;5;5;8;15;1;4224;30.0;14.1;0
0;94;1;3;2;10;8;10;4;0;3622;40.0;8.5;0
0;90;1;4;2;5;8;13;4;0;2961;85.0;58.3;0
0;93;1;1;5;5;10;10;4;0;4283;12.0;61.1;3
0;100;1;2;5;5;5;10;1;0;3049;75.0;98.2;1
5;110;0;1;4;5;5;12;3;1;3444;18.0;40.7;3
5;112;1;4;4;5;5;8;1;0;3231;38.0;109.9;3
3;96;1;2;5;5;5;12;1;1;2422;40.0;87.8;3
0;89;1;4;5;5;5;5;2;0;5000;23.0;51.9;3
5;83;1;1;4;5;5;8;4;1;3303;45.0;178.3;3
0;109;1;1;5;10;8;8;1;0;3079;105.0;269.8;3
3;102;1;2;5;5;5;8;2;1;3584;11.0;2.8;0
1;103;1;2;5;5;5;8;15;0;4316;110.0;563.7;3
6;98;1;4;4;5;5;10;1;0;2801;92.0;304.7;3
6;96;4;2;5;5;5;12;8;0;4205;29.0;36.7;1
6;97;1;2;4;5;5;7;1;0;4789;13.0;137.1;3
0;94;1;1;4;5;5;15;18;0;2265;16.0;40.5;3
0;109;2;4;5;5;5;10;1;0;2336;50.0;6.0;0
6;107;10;4;4;10;10;15;1;1;2314;40.0;312.2;3
3;82;1;1;5;5;5;10;2;0;1793;109.0;134.0;1
3;105;1;1;5;5;8;12;4;0;3354;55.0;154.9;3
0;83;1;4;5;5;5;10;4;0;3678;13.0;73.2;3
0;90;1;4;5;5;5;12;4;0;3935;42.0;40.5;0
0;97;1;3;5;5;5;12;4;1;3535;25.0;70.4;3
3;85;1;1;4;5;5;8;1;0;3522;30.0;55.7;2
0;103;4;2;5;5;5;15;12;0;3736;20.6;0.9;0
6;83;1;2;5;5;5;10;4;1;2852;5.0;8.5;2
0;114;1;4;4;5;5;8;2;0;2518;20.0;49.8;3
0;97;1;2;4;5;5;10;4;1;5000;11.0;10.6;0
5;88;1;1;4;5;0;8;4;0;3331;20.0;78.4;3
6;106;2;4;4;10;10;13;3;0;3665;25.0;14.5;0
3;110;1;4;5;5;5;10;1;0;3107;37.0;38.0;1
6;95;1;0;0;5;7;12;5;1;1838;35.0;115.7;3
5;83;1;1;5;5;0;7;4;0;4077;20.0;85.7;3
0;96;1;4;4;5;0;8;8;0;3412;40.0;49.6;1
3;97;4;4;5;5;5;10;1;0;1561;43.0;57.0;1
0;110;1;2;5;5;5;8;4;1;3185;12.0;23.0;2
0;85;1;3;5;5;7;7;4;0;4868;19.0;5.1;0
0;107;1;3;5;5;5;10;3;0;3164;40.0;116.3;3
0;90;1;2;4;5;8;8;4;0;4104;15.0;41.7;3
0;105;1;2;5;5;5;10;1;1;3210;33.0;62.0;2
6;94;1;4;5;5;5;5;16;0;3716;10.0;49.5;3
5;115;1;3;5;5;5;8;4;0;3501;40.0;113.3;3
5;97;10;1;5;10;5;12;4;0;5000;38.0;29.6;0
0;115;1;1;4;5;5;12;1;0;5000;45.0;101.4;3
0;125;2;4;7;5;5;8;1;1;4135;39.0;60.0;2
2;88;1;4;4;5;5;12;15;0;3981;75.0;443.1;3
0;95;1;2;5;5;5;5;1;0;3712;20.0;66.4;3
0;93;1;2;5;10;5;10;4;1;4207;90.0;103.4;1
3;106;1;2;5;5;5;10;1;0;2499;120.0;259.2;3
0;95;1;3;3;5;5;7;1;0;4156;20.0;1.3;0
6;93;1;1;4;5;5;12;8;1;3659;9.0;123.1;3
5;87;1;4;4;5;5;8;16;0;2477;5.0;22.1;3
0;106;1;3;5;10;7;12;4;1;959;30.0;10.6;0
0;117;1;1;3;5;5;8;12;0;5000;40.0;46.6;1
0;105;4;1;5;10;5;10;1;0;2353;100.0;117.8;1
0;84;1;4;5;5;5;10;8;1;4681;10.0;0.7;0
0;113;1;3;4;5;5;12;16;0;4318;80.0;177.3;3
0;84;1;3;5;5;5;10;4;0;3519;43.0;69.3;2
2;93;1;3;4;10;7;7;1;0;3346;50.0;72.0;1
3;96;1;4;5;5;0;8;1;1;4612;57.0;132.6;3
0;97;1;2;3;10;7;12;4;0;3920;60.0;62.4;1
0;94;1;4;4;15;5;5;12;0;4123;30.0;57.1;2
3;104;1;1;4;5;5;10;1;1;3250;30.0;15.6;0
5;89;1;4;5;5;5;10;1;0;4640;30.0;64.6;3
0;93;1;4;5;5;5;12;1;0;5000;62.0;53.3;0
5;82;1;3;4;5;5;8;1;1;3590;40.0;186.2;3
5;87;1;3;5;5;0;7;4;0;3161;20.0;34.8;2
0;95;1;0;5;5;5;12;4;0;4585;3.0;7.9;3
0;106;1;2;1;5;5;5;3;0;3783;5.0;17.5;3
0;89;1;4;5;5;8;12;4;0;2945;30.0;115.4;3
0;121;1;3;4;5;5;13;1;1;5000;135.0;79.3;0
4;110;1;3;5;10;10;17;3;1;3291;70.0;72.8;1
5;94;1;4;2;5;0;6;1;0;3862;40.0;130.3;3
2;86;1;2;4;5;7;8;15;0;4016;50.0;217.8;3
0;91;2;3;4;5;5;15;3;1;1875;50.0;2.6;0
0;96;1;4;1;5;5;10;1;1;3897;15.0;0.9;0
0;136;1;1;3;5;7;10;3;1;4220;68.0;81.2;1
3;121;1;2;5;5;5;12;1;1;4656;160.0;164.5;1
1;102;1;4;5;5;10;7;1;0;3816;32.0;79.1;3
0;131;2;4;5;5;0;8;4;1;3486;12.0;0.0;0
0;102;1;0;0;10;10;13;2;1;4201;49.9;28.0;0
0;102;1;2;4;5;5;12;1;0;4272;100.0;68.8;0
5;87;2;3;4;5;5;10;1;1;4397;21.0;7.6;0
0;133;1;1;5;5;5;8;4;1;5000;18.0;11.3;0
6;95;10;3;4;10;10;12;1;0;3071;65.0;240.2;3
0;101;1;4;4;5;5;10;8;0;4634;15.0;100.7;3
5;110;1;1;5;5;5;10;8;1;5000;50.0;164.0;3
0;108;2;2;5;5;7;8;8;1;4647;10.0;32.1;3
0;95;0;3;4;5;5;13;16;0;4052;6.0;0.4;0
4;104;1;0;0;5;5;10;4;0;5000;35.0;77.5;3
0;90;2;2;5;5;7;10;1;1;4196;17.0;15.7;0
0;100;2;1;3;5;5;10;4;1;1810;10.0;3.9;0
0;105;2;3;5;5;5;15;1;0;4323;60.0;58.1;0
0;108;1;2;5;5;5;12;3;0;3600;20.0;73.8;3
6;100;1;4;4;5;5;5;8;1;5000;6.2;4.0;0
0;84;1;4;5;5;5;5;1;1;3679;6.5;29.0;3
0;93;1;3;4;5;5;10;8;0;4000;10.0;51.7;3
5;103;1;4;4;5;5;13;1;1;3651;60.0;39.2;0
0;80;1;0;5;5;5;12;15;0;4306;50.0;203.2;3
0;93;1;2;5;5;5;5;4;0;4927;35.0;30.6;0
0;88;1;1;3;10;10;12;4;0;5000;7.0;0.6;0
0;91;1;2;5;5;10;8;16;0;3918;15.0;30.5;3
0;100;1;1;5;5;5;10;8;0;4755;65.0;40.0;0
0;109;4;2;5;10;8;15;5;0;2401;20.5;7.0;0
0;91;1;4;4;5;8;13;4;0;3896;79.0;149.7;2
0;124;2;2;4;5;5;10;1;0;4307;35.0;14.3;0
5;104;1;4;5;5;15;10;3;0;4743;42.0;119.9;3
0;100;1;2;4;10;10;12;1;0;3520;130.0;243.6;2
0;102;1;1;5;5;5;17;5;0;3718;6.0;0.3;0
0;102;1;2;5;5;5;8;4;1;3470;18.0;15.8;0
3;81;1;3;3;5;5;12;1;1;3502;47.0;10.9;0
0;99;11;4;5;5;0;8;3;0;5000;3.5;44.0;3
0;121;1;4;4;5;5;8;3;0;4381;40.0;19.7;0
0;99;1;4;5;5;5;8;4;0;3338;30.0;62.3;3
0;100;1;3;4;5;5;12;1;0;3926;35.0;87.1;3
0;86;1;1;5;5;7;8;4;0;4852;15.0;34.6;3
0;104;1;2;4;5;5;10;1;1;2249;25.0;4.1;0
0;87;1;1;4;5;0;7;4;0;4670;30.0;85.9;3
3;102;1;2;5;5;5;8;1;1;5000;28.0;58.8;3
6;122;5;4;4;15;15;15;3;0;5000;10.0;3.3;0
0;97;1;3;5;5;5;15;2;0;5000;30.0;33.3;1
6;102;2;3;4;10;10;8;8;1;4020;1.5;0.9;0
6;104;1;1;5;5;5;13;1;0;2771;50.0;40.9;0
0;80;1;4;5;5;5;7;2;0;4354;16.0;43.4;3
3;106;1;3;4;5;5;12;1;1;4888;35.0;82.1;3
1;100;1;4;5;5;5;10;2;0;5000;85.0;183.6;3
0;121;1;4;4;5;5;12;4;0;5000;120.0;48.7;0
6;87;1;0;0;5;8;7;8;1;4517;3.0;30.0;3
0;107;1;3;5;5;5;10;1;0;4973;12.0;15.9;1
0;88;1;4;5;5;5;8;4;0;5000;15.0;13.4;0
0;107;1;4;5;5;5;12;3;1;4689;30.0;9.3;0
0;91;4;3;5;5;5;12;3;0;5000;10.0;13.1;1
0;118;1;2;5;5;5;10;1;1;4909;73.0;29.7;0
0;92;1;2;4;5;5;10;4;0;2229;0.9;8.6;3
4;100;1;1;4;5;5;15;16;1;4661;42.0;90.3;3
0;88;1;2;5;5;7;7;4;0;3222;33.0;21.3;0
0;121;1;3;5;5;5;12;4;0;4415;54.0;7.3;0
0;99;1;2;5;5;5;8;1;1;4682;30.0;45.9;2
0;95;1;1;5;5;5;10;4;0;3633;40.0;38.1;0
1;105;1;2;4;5;5;10;15;0;5000;105.0;347.5;3
0;92;1;4;4;5;5;10;15;0;4834;90.0;234.8;3
0;105;1;0;0;5;5;15;4;1;4608;37.0;26.3;0
0;94;8;4;5;5;5;8;3;1;5000;14.0;19.4;1
0;98;1;2;5;10;10;7;1;0;4549;10.0;7.4;0
0;100;11;0;0;5;5;10;1;0;5000;45.0;17.3;0
5;109;1;3;5;5;5;12;3;0;4511;19.0;45.2;3
2;84;1;4;5;10;10;10;1;0;4209;38.0;197.1;3
6;89;1;0;0;5;8;7;8;0;4921;15.0;37.7;3
0;89;10;0;5;5;5;10;4;1;5000;15.0;33.3;3
6;119;2;3;4;5;5;12;5;0;2374;35.0;43.2;1
0;109;1;2;5;5;5;12;1;0;5000;50.0;152.0;3
0;98;1;4;2;5;5;10;3;0;4048;2.5;0.0;0
5;98;1;2;6;5;8;7;4;1;5000;20.0;11.8;0
0;86;1;0;0;5;5;10;3;0;5000;17.0;43.2;3
5;88;1;2;4;10;10;10;1;0;5000;5.0;0.0;0
0;92;1;2;5;5;5;8;4;0;3840;25.0;57.4;3
3;96;1;2;5;5;5;12;4;1;4169;175.0;174.4;0
6;97;1;2;4;5;5;12;1;0;5000;15.7;1.8;0
0;89;1;4;5;5;5;8;2;1;5000;13.0;62.5;3
6;92;1;2;5;5;5;7;1;0;4671;11.0;17.1;2
0;96;1;3;5;5;5;8;1;0;5000;21.0;42.3;3
0;89;4;3;4;5;5;5;8;0;5000;5.0;45.2;3
0;95;4;3;5;5;5;8;8;0;5000;20.0;55.4;3
0;88;1;1;5;5;5;12;8;1;4964;16.0;76.5;3
3;91;1;1;5;5;8;8;1;1;5000;26.0;183.3;3
1;89;1;4;5;5;5;8;2;0;5000;40.0;58.7;1
0;105;1;4;4;5;5;10;8;0;5000;60.0;37.2;0
0;89;1;2;5;5;5;12;1;0;5000;60.0;23.4;0
6;86;1;4;5;5;5;7;8;1;4932;7.7;43.0;3
0;99;1;1;4;5;5;8;1;0;4524;54.0;47.1;0
0;99;1;2;5;10;5;8;3;0;4462;0.2;0.3;1
6;92;1;3;2;5;5;8;8;1;5000;40.0;0.1;0
0;89;1;4;6;5;5;8;1;1;4633;17.9;7.0;0
3;94;1;1;4;5;5;10;4;0;4641;84.0;60.0;0
3;117;1;2;5;5;5;10;1;0;5000;95.0;160.1;2
0;98;1;4;4;5;5;13;4;0;5000;100.0;310.7;3
0;97;1;3;5;5;5;8;1;0;5000;20.0;71.0;3
0;95;1;4;5;5;8;8;1;1;5000;15.0;20.5;1
5;87;1;2;5;5;5;10;8;0;5000;15.0;67.1;3
0;104;1;3;5;5;5;10;1;1;5000;90.0;122.8;1
0;110;1;3;4;5;5;10;1;0;5000;16.0;27.4;2
0;96;1;4;4;5;5;8;16;0;5000;20.0;22.8;1
5;91;1;2;2;5;5;10;5;1;5000;23.0;0.6;0
0;145;5;1;3;5;5;12;4;0;4481;17.0;0.4;0
6;85;1;1;4;5;5;12;8;1;5000;5.0;31.0;3
0;99;1;2;5;5;5;10;1;0;5000;25.0;15.2;0
5;86;1;2;3;5;5;7;1;1;4561;0.5;10.2;3
4;99;1;4;5;5;5;10;4;0;4336;40.0;141.5;3
5;93;1;1;5;5;5;13;1;1;5000;20.0;16.9;0
6;106;1;3;5;5;5;8;1;1;4273;14.0;1.0;0
3;99;1;1;4;5;5;10;4;0;5000;90.0;182.3;3
0;90;10;4;5;5;5;7;2;1;5000;36.0;17.4;0
0;101;1;4;5;5;5;8;1;1;5000;25.0;66.1;3
3;87;1;4;2;10;8;8;4;1;4100;14.0;14.3;1
0;97;1;3;5;5;5;7;8;1;5000;10.0;53.3;3
5;90;10;1;4;5;5;7;1;0;5000;12.0;13.8;1
6;86;1;2;5;5;5;7;8;0;4062;1.0;38.4;3
0;99;1;1;4;5;7;13;4;1;5000;29.0;78.8;3
0;127;10;4;5;5;5;12;1;1;4284;60.0;13.1;0
0;88;1;2;5;5;5;8;1;1;5000;30.0;31.1;1
0;93;1;3;5;5;5;12;1;0;4935;35.0;12.5;0
0;93;1;1;5;5;7;10;4;1;5000;80.0;178.0;3
5;99;10;2;3;5;5;10;1;1;4120;30.0;174.0;3
0;95;1;2;4;5;5;7;1;1;5000;30.0;51.4;2
0;95;1;3;3;5;5;12;4;0;5000;45.0;124.9;3
3;89;1;3;4;5;5;7;8;1;5000;5.0;103.7;3
0;92;1;4;4;5;5;10;1;0;5000;65.0;76.8;1
5;95;10;4;3;5;5;10;1;0;5000;25.0;3.7;0
0;112;1;3;5;5;5;10;4;1;5000;11.0;252.9;3
3;90;1;2;5;5;5;8;4;1;4295;83.0;59.5;0
0;93;1;3;5;15;8;8;3;0;5000;22.0;64.9;3
0;99;1;2;5;5;5;7;2;0;5000;13.0;6.4;0
0;99;1;4;5;5;5;13;4;1;4455;15.0;40.1;3
0;92;1;2;4;5;5;5;8;1;4618;2.2;21.9;3
5;104;1;2;5;5;5;7;1;0;5000;22.0;10.7;0
6;101;1;3;5;5;5;8;8;1;5000;12.5;27.2;3
3;98;1;3;5;5;7;8;4;0;4092;64.0;104.0;2
0;95;1;1;4;15;5;10;4;1;5000;18.0;101.6;3
0;105;1;2;4;5;5;10;4;1;5000;32.0;59.9;2
5;87;1;4;4;5;5;10;8;0;5000;5.0;9.0;2
3;97;1;3;5;5;8;7;1;1;5000;25.0;71.3;3
0;90;1;0;0;5;5;8;1;1;3731;42.0;60.8;1
5;87;1;3;2;5;7;7;8;1;5000;5.0;15.1;3
0;88;1;3;2;5;5;5;8;1;5000;2.8;19.2;3
0;101;1;1;4;5;5;12;1;0;5000;113.0;71.0;0
5;85;1;0;0;5;5;8;16;0;5000;7.0;27.3;3
0;117;1;1;5;5;5;7;4;0;5000;20.0;72.2;3
0;99;4;3;4;5;5;8;2;0;5000;33.0;115.0;3
0;91;1;4;4;5;5;10;1;0;5000;40.0;38.1;0
3;89;3;1;4;5;5;5;1;0;5000;380.0;9.8;0
5;102;1;3;4;5;5;12;1;0;5000;63.6;19.4;0
5;98;1;3;5;5;7;5;8;0;5000;2.5;14.4;3
0;99;10;4;5;5;5;10;3;0;5000;30.0;13.3;0
0;109;1;4;5;10;5;10;4;0;3813;60.0;108.4;2
0;102;1;2;4;5;7;12;4;0;4230;80.0;169.9;3
0;87;1;2;5;5;5;10;4;0;5000;30.0;19.5;0
0;93;1;4;5;5;5;7;8;0;5000;10.0;39.7;3
1;78;1;3;4;5;5;8;1;0;5000;90.0;134.4;1
5;88;1;0;0;5;5;10;8;0;3738;20.0;57.2;3
6;102;1;4;4;5;5;8;3;1;5000;25.0;83.1;3
2;100;1;4;4;10;10;10;1;0;5000;38.0;119.7;3
0;101;1;2;5;5;7;12;2;0;5000;50.0;144.1;3
1;88;1;1;5;5;5;10;15;0;5000;150.0;39.2;0
1;87;1;4;4;5;5;8;15;0;5000;75.0;342.7;3
0;101;2;3;5;5;5;10;1;0;5000;35.0;25.3;0
0;86;1;4;5;10;0;9;4;0;5000;35.0;8.9;0
5;95;1;2;5;5;5;10;4;0;5000;11.0;23.4;3
0;83;1;1;5;5;5;12;8;0;5000;3.3;38.4;3
0;102;1;3;5;5;5;12;8;0;5000;40.0;38.8;0
0;86;1;0;0;5;5;7;16;0;5000;11.0;47.5;3
0;98;1;4;5;5;5;12;1;0;5000;60.0;104.4;2
0;104;1;2;5;5;5;8;1;0;5000;52.0;37.7;0
3;85;1;4;4;5;5;12;2;1;5000;112.0;237.4;3
6;94;1;3;5;5;7;7;8;1;4060;13.0;37.7;3
0;92;1;2;5;5;5;8;1;0;5000;30.0;0.4;0
0;94;1;3;2;5;5;12;1;1;5000;11.0;1.2;0
0;107;1;2;4;5;5;8;1;0;5000;45.0;34.0;0
0;97;1;1;5;5;5;13;5;0;5000;30.0;47.3;2
6;96;7;2;5;5;5;10;1;0;5000;45.0;17.6;0
0;90;1;2;5;8;0;8;8;1;5000;90.0;14.8;0
0;92;1;3;5;5;0;8;1;1;4259;10.0;67.0;3
3;85;1;2;5;5;5;8;4;0;5000;71.5;294.5;3
3;99;1;4;4;5;5;10;1;0;5000;70.0;61.3;0
0;101;1;4;5;5;5;12;4;0;5000;48.0;112.5;3
1;81;1;0;0;5;5;7;4;0;5000;10.0;72.3;3
3;89;1;2;5;5;5;12;4;0;5000;10.0;10.1;1
5;109;5;3;4;5;5;17;3;1;5000;30.0;5.1;0
0;99;1;4;4;5;5;12;1;0;5000;45.0;31.0;0
6;112;4;3;1;10;5;8;12;0;4856;10.0;6.4;0
0;90;1;3;4;5;5;10;8;0;5000;25.0;41.4;2
6;107;1;4;5;5;5;13;1;0;4584;60.0;47.3;0
5;83;1;3;5;5;0;6;4;1;5000;5.0;3.9;0
0;95;1;3;4;5;5;7;5;0;4840;50.0;9.9;0
6;107;1;3;5;5;5;8;3;0;5000;28.0;1.8;0
0;102;1;0;0;5;5;10;4;1;5000;30.0;155.5;3
0;107;1;3;5;10;7;8;1;0;5000;27.8;52.2;2
0;100;1;1;5;5;5;10;3;0;5000;12.0;17.8;1
0;93;0;4;5;5;5;5;1;0;5000;21.0;0.4;0
6;87;1;3;3;5;5;5;16;0;5000;3.0;15.9;3
3;88;1;2;5;5;5;12;15;1;5000;150.0;292.8;2
0;91;1;4;3;5;5;8;1;0;5000;3.5;0.1;0
0;83;1;4;5;5;5;12;4;0;5000;29.0;30.4;1
6;92;1;4;4;5;8;8;4;0;5000;5.0;22.2;3
6;91;1;3;5;5;5;10;1;0;5000;40.0;27.5;0
0;93;5;2;4;5;5;13;1;0;5000;24.3;9.7;0
0;104;2;0;0;5;5;7;1;0;5000;29.0;0.7;0
0;101;1;3;5;5;5;12;1;1;4726;35.0;34.6;0
3;93;1;2;5;5;5;7;4;0;5000;26.0;48.6;2
0;122;1;1;5;5;5;10;4;0;5000;23.0;22.8;0
0;88;1;3;4;5;0;6;8;0;5000;5.0;142.8;3
0;85;1;2;4;5;5;8;4;0;5000;19.0;39.3;3
0;89;1;2;5;5;5;10;1;0;5000;60.0;88.9;1
0;90;1;2;5;5;5;10;2;0;5000;60.0;51.3;0
3;110;1;2;5;5;5;5;4;1;5000;20.0;26.0;1
0;81;1;3;5;5;5;8;4;0;5000;34.0;30.6;0
6;117;1;3;4;5;0;7;8;0;5000;14.0;30.7;3
0;87;1;0;0;5;5;12;1;0;5000;45.0;70.6;2
0;95;4;3;2;5;5;10;1;1;5000;16.0;0.3;0
6;93;1;1;5;5;5;8;4;0;5000;14.0;13.1;0
0;98;1;1;5;5;0;8;8;0;5000;12.0;58.0;3
0;96;1;2;4;5;5;12;1;0;5000;7.8;2.3;0
5;86;1;1;4;5;8;7;4;0;5000;2.5;60.2;3
5;89;1;2;5;10;10;8;4;1;5000;15.0;1.9;0
0;108;0;3;5;5;0;6;1;0;5000;20.0;28.1;1
0;96;4;1;5;5;5;12;1;1;5000;18.0;12.8;0
0;97;2;3;1;5;5;10;1;0;5000;10.0;0.3;0
0;108;1;2;5;5;5;12;4;0;5000;28.0;38.2;1
6;92;1;1;4;5;5;13;1;0;5000;12.0;0.7;0
0;87;1;3;5;5;5;17;4;0;5000;3.0;12.1;3
0;109;1;3;4;5;5;7;1;0;5000;80.0;0.4;0
5;97;1;4;5;5;5;10;1;0;5000;70.0;51.4;0
0;81;1;1;5;5;5;8;4;0;5000;50.0;47.8;0
3;87;1;2;5;5;5;7;4;0;5000;70.0;176.1;3
0;96;1;2;5;5;5;10;3;1;5000;5.0;2.7;0
3;87;1;2;5;5;5;12;1;0;5000;60.0;200.7;3
0;104;1;1;5;5;5;10;4;1;5000;70.0;71.6;1
0;84;1;4;4;10;8;5;8;0;5000;5.0;90.9;3
0;87;1;0;0;5;5;10;4;1;5000;12.0;24.8;3
6;101;4;1;5;10;10;10;8;1;5000;1.5;1.5;1
5;93;1;0;0;5;8;8;8;1;5000;35.0;95.4;3
5;96;1;4;3;5;7;7;8;0;5000;5.0;11.6;3
3;94;1;2;5;5;5;7;3;1;5000;18.0;62.2;3
0;102;5;1;4;10;7;12;2;0;5000;20.0;0.7;0
3;87;2;2;5;5;8;8;4;0;5000;62.0;40.9;0
2;89;1;2;5;10;10;10;15;0;5000;27.0;85.6;3
0;86;1;0;0;5;5;5;4;0;5000;16.0;14.8;0
0;135;0;4;1;5;5;5;1;0;4390;30.0;8.1;0
0;93;2;4;5;5;5;5;4;0;5000;25.0;29.3;1
5;97;1;2;3;5;5;8;4;1;5000;70.0;6.1;0
3;84;1;3;4;5;8;8;4;1;5000;47.0;85.2;2
0;98;2;4;5;5;5;8;4;0;5000;25.0;26.6;1
6;114;1;3;5;5;5;10;8;1;5000;80.0;78.1;0
0;92;10;4;4;5;5;8;8;1;5000;9.9;11.0;1
0;114;1;2;5;15;15;13;4;0;5000;20.0;66.9;3
0;96;1;0;5;5;5;10;4;1;4665;13.0;9.0;0
0;92;1;4;4;5;5;7;8;0;5000;5.0;18.5;3
3;118;1;1;5;10;8;10;2;0;5000;43.0;23.3;0
0;105;1;4;5;5;5;10;4;0;5000;20.0;13.9;0
0;83;2;2;4;5;5;10;3;0;5000;14.0;29.6;3
0;95;1;4;4;5;5;12;1;0;5000;40.0;91.6;3
0;100;4;4;3;5;5;5;2;1;5000;5.0;14.3;3
0;96;5;3;5;5;7;8;1;0;5000;24.9;72.6;3
0;102;1;1;5;5;5;8;2;0;5000;30.0;90.8;3
3;92;2;3;4;5;5;7;1;0;5000;10.0;6.3;0
1;89;1;1;5;5;7;8;4;1;5000;15.0;118.2;3
1;91;2;4;4;5;5;10;1;0;5000;30.0;15.6;0
0;91;1;2;4;5;5;10;4;1;5000;30.0;21.3;0
0;93;2;3;5;5;5;10;1;0;5000;40.0;23.9;0
1;90;1;3;4;5;5;7;4;0;5000;15.0;32.7;3
0;90;1;3;5;5;5;8;2;1;5000;15.0;47.7;3
0;95;2;3;4;10;5;12;1;0;5000;57.0;28.3;0
6;89;1;0;0;5;7;7;16;1;5000;6.0;22.2;3
1;95;1;1;5;5;5;10;15;0;5000;63.0;184.4;3
0;91;1;3;5;10;5;13;5;0;5000;35.0;10.1;0
3;100;1;3;5;5;5;13;1;1;5000;8.0;65.3;3
5;96;1;2;1;5;5;12;1;1;5000;10.0;1.6;0
0;94;1;4;5;5;5;8;1;0;5000;28.0;66.2;3
5;83;4;2;5;5;5;7;4;1;5000;12.0;43.6;3
0;103;1;2;1;5;5;10;3;0;5000;4.0;1.1;0
0;96;1;3;4;10;5;10;4;0;5000;30.0;61.1;3
5;87;1;0;0;5;5;10;1;0;5000;35.0;51.4;1
0;85;1;3;4;5;5;10;3;0;5000;10.0;34.4;3
5;95;4;4;5;5;5;12;8;0;5000;9.0;21.5;3
0;104;1;1;3;5;5;12;4;0;5000;34.0;19.8;0
0;113;1;2;4;5;5;8;3;0;5000;2.0;64.7;3
6;86;1;1;5;5;8;8;4;0;5000;4.0;25.4;3
0;94;4;4;5;5;0;6;8;1;5000;0.1;33.5;3
6;89;1;4;3;5;7;7;16;1;5000;11.0;34.9;3
0;123;1;0;0;5;8;8;1;0;5000;28.0;14.1;0
0;93;1;3;3;5;5;8;4;1;5000;20.0;18.9;0
0;90;1;1;5;5;0;9;3;0;5000;16.0;55.1;3
0;102;1;3;5;5;5;12;4;1;5000;85.0;131.4;2
0;91;1;4;5;5;5;7;1;0;5000;50.0;11.5;0
0;90;1;3;5;5;7;8;8;1;5000;20.5;29.9;1
0;101;1;2;5;10;10;8;3;0;5000;0.8;1.2;1
5;91;1;2;2;5;5;5;1;1;5000;30.0;1.7;0
0;99;4;3;2;5;5;10;1;1;5000;20.0;12.7;0
0;98;1;2;5;5;5;8;4;1;5000;3.0;23.1;3
0;135;1;3;5;5;5;12;3;1;5000;46.0;10.4;0
0;86;2;1;4;5;5;13;15;0;5000;59.0;90.5;2
6;128;1;3;4;5;5;12;1;0;5000;40.0;2.2;0
0;87;1;3;2;10;5;12;2;1;5000;40.0;7.2;0
1;101;1;4;5;5;5;10;4;0;5000;85.0;34.6;0
0;118;1;4;4;5;5;10;3;1;5000;20.5;29.1;1
6;85;1;1;5;5;5;5;8;0;5000;4.0;9.3;3
0;98;1;3;5;5;5;8;4;1;5000;20.0;18.4;0
0;102;1;3;5;5;5;8;8;1;5000;20.0;70.7;3
0;92;1;3;4;5;5;10;5;0;5000;3.8;0.0;0
0;119;11;2;5;5;5;8;1;1;5000;20.5;0.0;0
6;86;1;4;5;5;0;7;3;1;5000;2.0;16.5;3
1;95;4;1;4;5;5;10;15;1;5000;80.0;102.3;1
0;90;5;3;5;5;5;8;1;0;5000;70.0;72.1;1
0;88;1;3;4;5;5;5;8;0;5000;10.0;78.9;3
0;91;2;3;4;5;5;12;3;1;5000;20.0;6.7;0
0;82;2;2;4;5;0;8;15;1;5000;60.0;143.3;3
3;95;1;4;3;5;5;10;2;0;5000;50.0;40.0;0
0;94;1;3;5;10;5;10;1;0;5000;26.0;38.8;1
5;93;1;3;4;5;5;12;1;0;5000;18.0;1.3;0
5;108;4;3;5;5;5;8;4;1;5000;14.0;1.5;0
3;95;11;2;5;5;7;10;1;0;5000;21.1;39.4;2
0;96;1;3;5;5;5;10;8;0;5000;12.0;5.6;0
0;98;1;1;5;5;5;8;1;1;5000;70.0;25.9;0
6;98;4;2;5;5;5;5;4;0;5000;6.5;33.8;3
0;89;2;0;0;10;8;8;4;0;5000;10.0;1.0;0
0;106;1;3;5;5;5;10;8;0;5000;12.0;9.7;0
0;82;1;3;4;5;0;7;4;1;5000;20.0;80.5;3
4;100;1;4;5;5;7;10;8;0;5000;18.0;46.2;3
0;91;1;2;5;5;5;12;1;0;5000;12.0;17.0;1
0;114;1;3;5;5;5;12;4;1;5000;16.0;50.0;3
0;90;1;2;4;5;5;12;3;0;5000;12.0;23.5;2
0;99;1;4;5;5;5;8;1;0;5000;12.0;0.1;0
0;84;1;2;4;5;5;5;1;0;5000;8.0;18.7;3
0;96;10;1;4;5;5;10;4;0;5000;6.0;4.4;0
5;81;1;2;5;5;5;10;1;1;5000;18.0;27.0;2
5;87;1;1;4;5;5;8;8;0;5000;20.0;45.8;3
0;116;1;2;3;5;8;8;1;0;5000;94.0;54.7;0
0;95;1;1;5;5;5;8;2;0;5000;32.0;97.9;3
2;90;1;4;3;5;0;10;15;1;5000;20.0;50.5;3
0;106;1;1;5;5;5;12;5;0;5000;11.0;2.0;0
0;83;1;1;4;5;5;10;8;0;5000;3.0;4.5;2
0;87;5;2;5;5;5;10;4;0;5000;30.0;57.8;2
6;90;1;4;1;5;5;5;8;0;5000;13.0;20.6;2
5;98;2;4;4;5;5;12;3;1;5000;15.0;48.9;3
6;100;1;0;0;5;5;7;1;0;5000;15.0;0.1;0
0;96;10;4;5;5;5;10;5;0;5000;55.0;6.6;0
0;105;1;4;5;5;8;10;1;0;5000;60.0;16.2;0
0;88;1;4;4;5;5;10;4;0;5000;35.0;96.8;3
0;83;1;1;5;5;5;10;4;0;5000;47.0;0.0;0
0;76;1;3;5;5;0;8;15;0;5000;110.0;145.4;1
3;93;1;4;5;5;5;10;4;0;5000;47.0;47.2;1
0;98;1;2;5;5;5;10;5;1;5000;18.0;0.4;0
0;93;1;2;5;5;5;7;1;1;5000;1.8;8.8;3
6;114;1;4;4;5;5;10;1;0;5000;10.0;1.4;0
0;81;1;4;4;5;5;10;15;0;5000;80.0;203.5;3
0;93;1;2;4;5;5;8;1;1;5000;30.0;11.4;0
0;94;1;2;5;5;5;8;4;0;5000;20.0;15.0;0
5;81;1;2;5;5;0;5;8;0;5000;0.1;43.0;3
0;100;1;1;7;5;5;8;1;1;5000;12.5;15.1;1
0;115;1;2;5;5;5;7;3;0;5000;13.0;75.5;3
0;99;7;4;5;5;5;10;1;1;5000;25.0;5.1;0
1;91;1;0;0;5;5;8;15;0;5000;65.0;0.1;0
0;152;8;3;5;5;5;7;1;0;5000;1150.0;4.2;0
0;100;1;0;0;10;7;8;4;1;5000;20.0;19.8;0
0;92;1;4;5;5;5;13;15;0;5000;76.0;35.1;0
5;83;1;2;4;5;7;7;4;0;5000;22.0;45.1;3
0;85;1;0;0;5;5;8;8;0;5000;8.0;48.6;3
5;94;1;1;4;5;8;7;1;0;5000;30.0;107.6;3
0;90;1;3;5;5;0;5;4;0;5000;6.0;4.6;0
0;111;1;4;4;15;5;10;4;0;5000;70.0;69.7;0
0;94;1;4;5;5;5;12;4;0;5000;26.4;1.6;0
0;116;5;4;5;5;0;6;2;0;5000;78.0;131.9;2
0;86;1;3;5;5;8;5;8;0;5000;10.5;11.6;1
0;99;1;3;5;5;5;12;2;0;5000;45.0;31.9;0
0;84;1;1;5;5;5;10;1;0;5000;40.0;46.5;1
0;93;1;1;4;5;5;13;15;0;5000;75.0;7.6;0
0;90;1;3;5;5;5;12;3;1;5000;13.0;7.0;0
0;84;4;1;6;5;5;8;8;0;5000;8.0;0.0;0
0;95;2;1;4;5;5;8;1;0;5000;3.5;0.1;0
0;83;1;0;5;5;5;7;1;1;5000;45.0;10.7;0
6;96;1;1;4;5;5;10;5;0;5000;17.0;10.9;0
2;91;1;3;5;5;5;10;2;0;5000;20.0;149.3;3
0;100;1;4;4;5;5;10;1;1;5000;55.0;11.5;0
5;96;1;4;5;5;5;7;3;0;5000;7.4;29.9;3
0;92;2;2;5;5;5;10;4;0;5000;35.0;36.4;1
0;100;1;4;5;5;5;12;16;1;5000;8.0;17.1;3
0;83;1;3;4;5;5;15;8;0;5000;17.0;11.4;0
0;98;1;2;3;5;5;10;1;0;5000;15.0;2.4;0
0;111;1;1;5;15;15;8;3;1;5000;13.0;53.1;3
0;110;0;1;3;5;5;10;1;1;5000;80.0;11.7;0
0;110;1;2;5;5;5;7;1;0;5000;24.0;23.5;0
0;98;1;3;5;5;5;8;8;0;5000;10.5;14.1;1
3;99;1;4;5;5;5;10;4;0;5000;60.0;96.6;2
0;88;10;3;5;5;5;8;4;0;5000;20.0;9.4;0
0;99;1;3;5;5;0;7;1;0;5000;45.0;42.5;0
0;107;1;3;5;5;5;7;4;1;5000;20.0;13.5;0
0;86;1;3;5;5;5;5;8;0;5000;5.0;26.2;3
6;91;1;1;4;5;5;10;5;0;5000;5.0;0.3;0
0;91;1;3;5;5;5;12;4;0;5000;35.0;70.2;3
0;84;1;4;4;5;5;7;1;1;5000;13.0;17.9;1
0;86;4;1;3;5;5;8;4;0;5000;14.0;6.4;0
0;92;1;2;4;5;5;12;8;0;5000;10.0;1.7;0
0;94;0;4;5;10;10;10;1;0;5000;5.0;0.7;0
0;94;1;0;0;5;5;10;4;0;5000;65.0;36.9;0
0;97;1;1;4;5;5;10;4;0;5000;12.0;36.5;3
0;166;8;1;3;5;5;8;3;0;5000;1500.0;18.0;0
0;100;1;2;5;5;5;8;1;1;5000;26.0;28.8;1
0;96;1;0;0;5;5;8;4;1;5000;22.0;10.3;0
5;95;10;4;2;5;5;7;1;0;5000;30.0;0.8;0
0;98;1;1;3;5;5;12;4;1;5000;40.0;26.2;0
0;89;1;0;0;5;5;10;3;0;5000;20.0;67.2;3
0;107;1;4;5;5;5;10;1;0;5000;55.0;14.4;0
0;88;0;4;5;5;5;8;1;0;5000;41.0;34.3;0
0;156;8;3;3;5;5;7;1;0;5000;24.0;35.9;1
0;81;1;2;6;5;5;5;4;0;5000;12.0;4.9;0
0;97;1;4;3;5;10;10;4;1;5000;10.0;2.5;0
2;100;1;3;5;5;5;8;1;0;5000;10.0;8.5;0
0;101;4;3;3;5;5;10;1;0;5000;3.0;0.1;0
0;81;1;0;0;5;5;7;1;0;5000;7.0;3.3;0
0;95;1;2;5;5;5;8;4;0;5000;25.0;12.3;0
0;104;1;4;5;5;5;5;3;1;5000;22.0;5.3;0
0;95;1;3;4;5;5;5;3;0;5000;8.0;50.6;3
1;97;1;4;5;5;5;10;2;1;5000;12.0;110.8;3
4;106;1;3;4;5;7;7;4;0;5000;84.0;166.3;2
0;109;4;4;3;5;5;10;3;0;5000;35.0;17.6;0
0;102;1;3;5;5;5;8;8;1;5000;38.0;11.6;0
0;92;1;0;0;5;5;10;8;0;5000;4.0;10.9;3
1;97;1;2;5;5;5;8;1;0;5000;16.0;1.7;0
0;99;1;2;5;5;5;10;1;1;5000;75.0;30.7;0
0;90;0;0;0;5;5;10;1;0;5000;8.5;7.5;0
0;100;1;4;4;5;5;8;16;0;5000;10.0;5.5;0
0;95;10;3;5;5;5;5;2;0;3431;1.2;6.8;3
0;103;2;1;5;5;5;10;1;1;5000;35.0;32.5;0
0;101;1;1;5;10;5;8;1;1;5000;50.0;38.6;0
0;72;1;1;5;5;5;8;15;1;5000;20.0;186.3;3
6;104;1;3;4;5;0;7;8;1;5000;21.0;17.8;0
0;95;1;1;5;5;5;7;8;0;5000;6.0;13.9;3
0;98;4;3;5;5;5;5;8;0;5000;1.4;1.6;1
0;105;1;3;5;5;5;13;3;0;5000;22.0;10.3;0
5;99;1;2;4;5;5;12;4;0;5000;50.0;83.8;2
0;89;1;4;4;5;5;8;8;1;5000;6.5;16.9;3
0;99;1;0;5;5;5;5;4;0;5000;17.0;24.7;1
0;107;1;3;5;10;10;8;8;0;5000;25.0;21.5;0
4;87;1;1;5;5;5;7;1;0;5000;25.0;15.8;0
0;133;1;3;5;5;5;10;3;0;5000;64.0;74.6;1
5;91;1;4;4;5;0;7;4;0;5000;8.3;1.8;0
0;109;1;3;4;5;5;12;3;1;5000;75.0;19.6;0
0;116;1;3;3;5;5;10;1;1;5000;75.0;51.1;0
3;76;1;3;2;5;7;12;15;0;5000;34.0;23.8;0
0;170;8;3;5;5;5;5;1;0;5000;3500.0;5.7;0
0;101;1;2;1;5;5;5;4;1;5000;17.0;26.5;2
3;83;1;2;5;5;5;5;4;0;5000;6.2;0.1;0
0;90;1;3;5;5;7;10;1;1;5000;10.0;0.3;0
0;146;8;0;0;5;5;5;1;0;5000;800.0;1.6;0
0;88;1;4;5;5;5;10;4;0;5000;50.0;6.8;0
0;99;1;2;5;10;5;13;4;0;5000;40.0;14.5;0
0;98;1;0;0;5;0;8;4;0;5000;5.0;10.5;3
3;107;1;1;5;5;5;8;1;0;5000;32.0;82.7;3
0;107;1;3;5;5;5;10;4;0;5000;18.0;77.2;3
0;91;1;1;4;5;5;10;4;0;5000;35.0;14.4;0
0;95;1;3;5;5;5;8;1;0;5000;100.0;7.1;0
5;84;1;2;4;5;5;5;4;0;5000;12.0;11.6;0
0;91;1;2;4;5;5;10;4;0;5000;11.0;24.4;3
0;91;1;3;3;5;5;12;1;0;5000;18.0;1.1;0
0;101;2;1;4;5;5;10;3;0;5000;10.0;91.2;3
0;99;1;1;4;5;5;5;1;0;5000;8.0;8.1;1
0;89;1;1;4;5;5;8;8;0;5000;17.0;16.4;0
0;101;1;2;3;5;5;12;3;0;5000;9.0;5.1;0
0;89;1;1;4;5;0;8;8;0;5000;7.0;36.9;3
0;110;1;2;4;5;5;8;4;0;5000;30.0;14.6;0
0;96;1;4;4;5;5;12;1;0;5000;11.0;0.5;0
0;103;1;4;4;5;5;13;4;0;5000;58.0;85.3;1
0;120;1;1;4;5;5;8;3;0;5000;5.0;24.5;3
0;100;0;3;4;5;5;8;5;0;5000;3.0;0.6;0
0;93;1;3;5;15;10;12;4;0;5000;10.0;1.0;0
0;111;1;2;5;5;5;12;4;0;5000;22.0;104.9;3
5;91;1;2;4;5;5;10;8;1;5000;8.0;13.0;2
6;94;4;2;3;5;5;8;1;0;5000;10.0;2.9;0
0;95;1;4;4;5;5;12;4;0;5000;4.5;0.2;0
0;86;1;3;5;5;5;8;4;0;5000;14.0;18.2;1
0;90;1;2;5;5;5;12;4;0;5000;10.0;1.9;0
0;88;5;0;0;5;7;13;8;0;5000;5.0;25.1;3
0;89;1;3;5;5;5;10;4;0;5000;24.0;31.4;1
0;94;1;2;2;5;5;7;4;0;5000;0.9;9.1;3
0;83;1;1;4;5;5;5;8;0;5000;1.0;101.8;3
3;87;1;1;5;5;5;12;15;1;5000;30.0;30.0;1
0;97;1;0;0;5;5;12;5;0;5000;50.0;41.0;0
0;90;1;2;5;5;5;7;8;1;5000;5.0;1.9;0
0;107;6;4;4;5;5;7;1;0;5000;32.0;75.1;3
0;98;1;3;5;10;5;10;4;1;5000;85.0;28.6;0
0;111;2;4;4;5;5;10;1;0;5000;25.0;2.1;0
0;104;10;2;5;5;5;8;1;0;5000;40.0;32.5;0
1;99;2;1;5;5;5;8;1;0;5000;26.0;12.3;0
0;85;1;1;4;5;5;7;1;0;5000;5.0;1.5;0
0;117;1;2;3;10;5;8;3;0;5000;30.0;0.3;0
0;90;1;3;3;5;5;13;1;0;5000;15.0;1.1;0
5;87;1;1;5;5;5;10;2;1;5000;20.0;7.0;0
0;91;1;0;0;5;5;5;8;1;5000;5.0;0.0;0
0;91;1;4;5;5;5;8;1;0;5000;45.0;20.4;0
0;94;1;4;5;5;5;10;1;1;5000;30.0;2.6;0
0;107;1;4;4;5;5;10;4;0;5000;35.0;22.0;0
0;99;2;2;5;5;5;5;5;1;5000;0.9;0.7;0
0;84;1;1;3;5;7;7;4;1;5000;24.0;13.7;0
0;98;1;3;5;5;5;8;1;0;5000;13.0;19.2;1
0;94;1;3;5;5;5;5;4;0;5000;7.0;6.3;0
6;97;1;4;5;5;5;10;8;0;5000;14.0;38.6;3
2;98;1;1;5;5;5;8;4;0;5000;50.0;87.1;2
0;104;10;3;3;5;5;12;7;1;5000;60.0;7.1;0
0;86;1;4;1;5;5;10;4;0;5000;33.1;17.5;0
0;98;2;0;0;5;5;12;8;0;5000;0.2;17.8;3
0;85;1;3;2;5;5;12;1;1;5000;20.0;2.1;0
0;108;1;4;4;5;5;12;8;0;5000;15.0;0.6;0
0;101;2;2;5;5;5;8;5;0;5000;40.0;18.9;0
0;94;10;0;0;10;5;10;4;0;5000;60.0;51.9;0
0;105;1;2;5;5;0;5;16;0;5000;14.0;0.1;0
0;138;8;4;4;5;5;5;1;0;5000;10.0;0.1;0
5;97;1;3;3;5;5;8;1;0;5000;10.0;0.8;0
0;86;1;3;5;5;5;8;4;1;5000;11.0;25.3;3
0;101;1;2;5;5;5;10;4;0;5000;51.0;36.9;0
0;90;1;2;4;5;5;10;8;0;5000;3.0;0.9;0
0;79;1;3;5;5;5;5;4;0;5000;0.5;2.8;3
0;90;1;3;5;5;5;10;1;0;5000;18.0;11.8;0
0;158;8;4;5;5;5;7;1;0;5000;1250.0;32.0;0
0;87;1;1;5;5;5;8;2;0;5000;30.0;21.4;0
0;87;2;4;5;5;0;8;15;0;5000;80.0;126.5;2
3;164;8;3;4;5;5;5;1;0;5000;20.0;39.6;2
0;83;1;2;5;5;5;7;2;1;5000;9.0;51.5;3
0;127;1;1;4;15;15;5;3;1;5000;13.0;1.2;0
6;155;0;3;3;5;0;5;1;0;5000;9.0;14.9;2
0;85;1;1;4;5;5;13;5;0;5000;10.0;0.2;0
0;85;1;2;3;5;5;12;4;0;5000;25.0;14.3;0
0;89;1;4;2;10;5;8;4;0;5000;6.0;18.2;3
0;97;1;2;5;5;5;7;2;1;5000;7.0;12.7;2
6;95;0;3;4;5;5;5;8;1;5000;3.0;4.9;2
0;98;4;2;3;5;5;7;3;0;5000;3.5;0.2;0
0;92;4;1;3;5;5;10;4;0;5000;28.0;58.4;3
1;82;1;2;4;5;5;7;15;0;5000;85.0;112.5;1
0;91;0;3;5;5;5;8;1;0;5000;30.0;10.3;0
0;81;1;2;5;5;5;12;15;0;5000;37.0;65.1;2
0;89;1;2;1;5;7;7;1;0;5000;2.0;0.3;0
0;87;10;1;3;5;0;8;4;0;5000;49.0;71.2;1
0;99;1;2;2;5;5;10;1;0;5000;25.0;4.2;0
0;143;8;1;5;5;5;5;1;0;5000;550.0;16.7;0
0;99;0;3;1;5;0;5;1;0;5000;40.0;2.3;0
0;80;0;1;3;5;5;5;8;0;5000;6.4;11.0;2
0;107;1;3;5;5;5;10;5;0;5000;65.0;40.4;0
0;87;1;4;5;5;5;10;4;0;5000;22.0;33.7;2
0;96;1;1;3;5;8;10;4;0;5000;5.2;0.8;0
0;136;8;2;5;5;5;5;3;0;5000;1550.0;4.7;0
0;87;1;1;5;5;0;8;15;0;5000;47.0;38.1;0
0;93;1;2;5;5;5;8;4;0;5000;7.0;5.7;0
0;110;5;3;4;5;5;7;2;0;5000;61.0;61.3;1
0;83;1;3;5;5;7;7;1;0;5000;25.0;31.4;1
0;160;8;2;5;5;5;5;1;0;5000;40.0;30.0;0
6;90;1;3;3;5;5;7;4;0;5000;4.0;0.4;0
0;95;1;4;5;5;5;10;4;0;5000;10.0;21.5;3
0;98;1;4;5;5;7;8;3;0;5000;15.0;6.3;0
0;105;5;1;4;5;5;10;4;0;5000;63.0;10.9;0
0;124;2;4;3;5;5;10;2;0;5000;36.1;6.5;0
0;97;1;1;2;5;5;12;1;0;5000;29.0;2.9;0
0;99;4;2;5;5;5;7;4;0;5000;45.0;0.3;0
0;114;1;4;5;5;5;10;4;0;5000;60.0;12.1;0
0;88;1;1;5;5;5;12;8;0;5000;10.6;34.0;3
0;102;10;4;4;5;5;10;4;0;5000;29.0;20.1;0
6;94;1;4;2;5;5;12;1;0;5000;7.0;0.3;0
0;100;1;2;5;5;5;10;1;1;5000;30.0;11.6;0
0;102;4;2;5;5;5;12;3;0;5000;25.0;30.1;1
0;91;0;2;3;5;5;8;1;1;5000;30.0;5.9;0
0;88;1;4;5;5;5;12;4;0;5000;15.0;6.4;0
0;91;1;2;5;5;5;8;1;0;5000;70.0;20.2;0
0;77;1;2;5;5;5;12;4;0;5000;70.0;10.0;0
0;96;2;4;5;5;5;8;4;0;5000;6.0;9.1;2
0;85;1;4;4;5;5;7;8;1;5000;15.0;12.0;0
0;113;1;1;5;5;5;12;5;0;5000;37.7;14.7;0
0;108;1;2;4;5;5;10;4;0;5000;25.0;24.4;0
0;180;8;3;5;5;5;8;1;0;5000;20.0;3.1;0
0;101;2;2;6;5;0;8;4;0;5000;3.0;0.8;0
0;97;1;3;5;5;5;8;3;0;5000;50.0;31.4;0
0;84;1;3;4;5;5;8;1;0;5000;20.0;10.3;0
0;108;1;2;4;5;5;10;1;0;5000;20.0;5.8;0
0;91;1;1;4;5;5;10;8;0;5000;5.2;10.2;2
0;91;1;4;5;5;5;12;4;0;5000;45.0;15.1;0
0;100;1;2;4;5;5;8;1;0;5000;17.0;0.9;0
0;119;10;2;4;5;5;10;4;0;5000;17.0;8.0;0
0;130;8;3;3;5;5;5;1;0;5000;600.0;31.5;0
0;89;1;4;6;5;5;5;4;0;5000;4.0;15.7;3
0;120;0;0;0;5;5;5;3;0;5000;3.0;2.3;0
0;88;1;3;3;5;5;10;2;0;5000;20.0;1.1;0
0;110;0;4;4;5;5;5;1;0;5000;5.0;2.4;0
0;135;8;4;5;5;5;5;4;0;5000;4.2;13.7;3
0;160;8;4;5;5;5;5;1;0;5000;100.0;14.8;0
0;90;0;1;5;5;5;5;2;0;5000;0.5;28.5;3
0;164;8;3;4;5;5;5;1;0;5000;1800.0;52.7;0
0;120;8;4;5;5;5;5;1;0;5000;450.0;4.2;0
0;134;12;1;4;5;5;5;12;0;5000;16.0;36.1;3
0;135;8;4;5;5;5;5;1;0;5000;750.0;2.1;0
