1877830
10872600
0468569
1160419
0372784
1345836
10366460
0111161
10370710
7286456
0068646
8946378
4154796
7131622
2802144
12361974
0816692
0120689
0416449
1392214
0110912
0993846
0144084
1375666
0114369
0241527
0137523
0120737
0120338
0469494
1392190
1853728
6751668
0361748
3281548
4154756
0087332
8367814
0443706
4633694
2267998
0108052
1950186
1431045
0903624
0449059
0409459
0107290
0109830
3890160
0133093
5013056
5463162
0108358
2119532
0076759
8579674
2015381
0482571
0499549
0477348
0338013
0120815
1270798
0167260
0102926
0110413
0071562
2582802
0099685
1856101
0169547
1798709
0092005
0486655
0056197
0407887
3501632
0172495
0325980
1130884
0118749
0087843
0414387
8503618
0119217
0180093
1250777
1727824
0119488
0113277
0470752
0434409
0126029
0078788
0112573
0075314
3397884
0081505
0050083
0093779
0088763
0330373
0078748
2584384
1596363
0118715
3748528
5052448
5362988
2278388
1119646
10272386
0783233
0119116
6966692
3521164
0114814
5726616
0209144
0371746
0246578
0110357
0121766
2103281
7979580
3315342
0304141
0167261
4912910
0086250
4846340
0848228
0073486
0059113
0095016
0167404
3783958
0091251
0082971
2024544
0106677
0089218
0052618
2488496
1201607
0245429
0947798
0264464
1568346
0090605
0088847
0208092
0095953
4016934
1291584
1302006
1285016
0926084
0780504
2084970
0364569
0066921
2948356
0253474
0381061
0116282
0108037
2543164
2380307
0060196
0103064
0083866
0083658
3498820
0088247
0105236
0093058
0120382
0317248
2194499
0266697
0054215
1663202
0181875
0332280
2278871
0382932
0080684
0119177
3460252
0118799
2106476
0013442
3896198
0317705
0388795
5027774
10288566
1659337
3416742
0091042
0062622
1675434
0117951
0240772
0108399
0758758
0381849
2948372
0057012
2096673
0328107
2872718
0265086
0059742
0070047
0073195
2582782
0878804
0097165
0405159
0796366
0120586
0106364
0086190
0099785
0112641
0139654
0080339
0268978
1605783
0347149
1049413
0314331
0099674
1024648
0162222
1170358
0829482
3659388
0417741
1843866
0151804
0032138
0034583
0093870
1454029
0166924
0067992
0421715
0119174
0084787
1517451
1895587
1074638
1045658
0457430
0114709
0103639
0472043
0190590
1877832
0401792
0375679
0258463
1210166
0091763
1748122
0105695
5311514
1631867
0031381
0266543
0077416
0398286
1318514
1187043
2562232
0033467
1323594
0093773
0061578
0936501
0289879
0976051
0086879
1398426
0075148
0104952
0363163
0099348
0361862
0910970
0093409
3170832
0265666
0325710
0071315
0079417
0108550
0211915
0319061
2582846
0780536
0425112
1979320
0175880
0790636
0097576
0441773
0432283
0099487
0064116
0454848
8613070
3553976
0090756
0405094
15097216
1490017
0198781
1022603
3606756
0450259
0387564
7653254
1504320
0210945
0120735
0077651
0071230
2543472
0120762
0112864
0335266
1403865
0058331
0454921
0095327
0104257
0061722
0114388
0353969
1979376
2245084
0053291
0765429
0101414
0379786
1255953
0358273
0327056
0038650
0117381
0106977
0074958
0206634
8267604
0988045
0056172
0101507
0365748
1156398
1070874
4034228
0100157
11032374
0097757
0119698
0080455
0964517
0081398
0068473
0047396
0047478
0892769
0114746
0257044
0094226
0104691
0091064
0119822
0082096
0245844
0914798
0105323
0119008
9071322
0245574
1010048
0181689
0106519
0435761
1772341
0107048
0120863
1454468
4857264
0071853
0112471
0092965
0440963
0063442
0378194
0083944
0372183
0106856
1136608
0056592
1125849
0144117
2980516
1408101
0112384
0327597
0117666
1205489
3741834
1182345
0056869
0017136
5363618
0063522
0454876
0452623
4698684
0072431
3682448
1139797
0052357
0102138
0107818
0067116
0096874
0120601
0485947
0029843
0061811
0765443
5104604
0083922
0096438
0055031
1588170
0045152
0118694
5074352
1132620
0098635
0070666
0064665
0399295
0067328
0053125
0054698
5323662
0079944
0072890
0071360
0268126
0082694
0070735
0088258
0044706
0068327
1065073
0049833
0060665
0043014
0118929
0096283
0181865
0032904
0072684
0107653
0416320
0057115
3076658
0045061
0128445
1028532
4468740
0120363
0097216
0061852
0095765
0054047
0045793
0058385
0230600
0824747
0058150
0053604
1542344
0075860
0064115
0088939
0088846
0095705
1535109
0080678
1189073
6155172
0079470
0460791
0071615
0084726
0097441
0276919
0054331
0156887
0050976
1855199
0101410
0029583
1305806
0094625
0101921
0083987
0106489
0066206
0047296
0022100
0058461
0066999
2358891
3544112
1832382
0099077
0044081
0443543
1899353
0113247
0040897
0190332
0249462
0373074
0756683
0042192
0053779
0107688
0078754
0065214
0107207
3011894
0074119
0095647
0248845
0109707
0100150
0381681
0061418
0109424
0132477
0050212
0056801
0088680
0070511
0081283
0092991
0106469
1924396
1646971
0075686
0389557
0093389
0048545
0089881
0087884
0129167
0069293
0104348
0049730
0032553
0032976
0050825
0059578
7668870
2209418
0350258
0067093
0425210
0070034
5116302
0040725
0814314
0050783
1220719
0277027
0056058
0061512
0104797
0077402
1683526
0480025
0876563
0056217
0266308
0395169
0075029
0113568
0051201
0022913
0097937
0097814
0065234
0109445
0112579
2802154
0370986
0140352
0091605
1655442
0308644
0086197
0352248
0060827
0116477
0085794
0061395
0245712
0077405
0041959
0986264
0048424
0069467
0063227
0053221
0036855
0817177
0107943
0315733
0065207
0061735
0036775
4729430
0063350
8075192
0498380
0299977
10280296
5198068
0078841
0056923
4080728
2582496
2338151
3612616
0907657
0033870
0154420
0087544
0287467
0301357
1306980
0056687
2013293
0455590
0084503
0024216
0036868
0042876
0130827
0067185
0027977
0054997
0049406
0025316
0092067
0168629
0043265
0087553
0093191
2431286
0070510
0040746
0031971
0085334
0032551
1365050
1216496
0147612
0046912
0043456
2265171
0039689
0046359
10295212
0015648
0046250
0069762
10431500
0108394
7838252
0052311
8239946
0061184
2370248
0169858
0158983
0851578
0053472
0072443
0047437
0118845
0307901
0243017
4901306
0978762
3169706
0056218
0057565
0185125
0475276
0113824
3262342
0125659
0037558
1527788
0048028
0374546
1954470
0040522
0340377
0021884
0115751
1602620
0055630
0010323
0050986
0037382
4302938
0037008
0071129
0021749
0166896
0020629
0079522
0038355
1190539
0051459
0044079
1821549
0032455
0412080
0063374
0038787
0111495
0084855
0104652
0110729
0053198
6316138
0101765
0037884
0044741
5168192
0060107
10189514
0052561
0058777
0108122
0120731
2631186
8108198
0069947
0049366
0118849
0036342
0040506
7961060
0031679
0029947
0117589
1865505
0026029
0344510
0071411
0421082
3398268
0114787
1149362
0083946
0091670
0300140
0338564
0073440
0401383
1562872
0091167
0046438
7725596
0070544
0026138
1235166
0062229
2576852
0117631
0068182
0096163
0040724
0073341
0100998
0059646
0318462
0042546
0408664
0861739
0051036
4849438
4430212
0057091
0369702
1188996
0035446
0012349
0102536
0042208
1754656
0047528
0058450
2140203
0347304
0025878
0283509
0053946
0275277
0808417
0046268
2395469
0338309
0036613
0058946
0169102
2991224
8110330
5186714
7060344
0072251
3841424
0048473
0054167
0023427
0080979
0423866
0065571
0107692
0053459
0032599
0056111
0418455
0111507
0046911
0106332
0042593
0019254
0061809
0055824
1821480
0050613
0120265
0015864
0118843
0017925
0870111
0457655
0347048
0104684
0055018
0048281
0046816
0056663
1360860
6148156
0372824
0062467
0318411
0086022
2758880
7019842
1032846
2350496
0068361
0069281
0476735
0074896
0090967
0030341
0024184
0089853
1069238
0376968
0018455
0250258
0039628
0055032
0043338
0298845
0097123
1280558
0140888
0051808
0293715
0053619
0424205
0808506
10324144
0092593
1827487
0053976
0052893
1590089
0045555
0286244
0388473
0077711
0110877
8291224
0048021
1242422
10554232
0033045
2024519
0119250
0097223
0401085
0042041
0375611
0038890
0041546
0097202
0015324
2356180
0242519
0056732
0112870
3390572
0023969
0384116
3863552
0101640
5571734
0091288
0038348
0292490
3848892
0073312
9052870
0291350
0405508
4934950
2404461
0104940
0034240
0383694
0119038
0260991
2082197
5764096
0247586
0031885
0086637
4635372
3417422
0420332
1327035
7485048
0028950
4434004
0056443
0116231
9477520
0109117
4387040
1555149
0386064
0018773
12361178
0119472
0026778
0367110
4169250
0073707
0880502
1093370
3322420
2283748
0871510
0374887
1620933
2317337
1171701
2377938
2181931
1639426
0270053
0066763
0200087
0456144
5433138
11755740
0115624
10886166
0112462
0118688
8356942
1099212
2322441
6920084
1469304
5033998
4126476
6654210
1572315
7126948
0267913
13069986
4465564
1131734
6802400
8707922
6494418
3605418
0327554
10362466
1232200
1273235
4477536
8404256
4532826
3554046
1673434
3371366
10155932
0287978
0080491
2404233
0805647
0114436
1133985
5697572
1234719
1179056
0120738
4682266
1038686
1325004
13978306
2191701
4479380
10327252
2101441
1324999
0377818
2274648
1628841
6475714
1213644
10342730
3829266
9252508
3099498
0426592
8784956
13029044
0110989
0758746
0111301
2717822
0110978
0084021
12383460
9691136
0199626
0498353
1333125
1259571
0454970
1480656
0108255
1103153
0983946
10039344
4799050
1617661
4590256
5563324
1588398
1265990
1361336
2620590
0430912
1956620
1981128
0429591
1502712
10691162
0097647
0368226
1467304
2345759
10962368
0475944
0859163
1758810
13056008
5814060
2403021
0120891
0938283
0120685
3181822
4334266
2193215
0109813
1823664
0119190
0120177
0306047
1418377
2592614
1608290
0952640
1261945
0816462
0118615
0418832
0397065
0081353
1606378
8150814
0259324
0464154
0970416
10600398
0312528
0107387
1087461
0949731
0093507
11762434
0357277
0257106
0305357
1293847
0901476
2058673
3322940
10121392
1241317
0413099
0220506
3089630
9086228
0107978
0113820
0411705
9419056
1855325
0970866
8695030
12783454
1564777
0331632
0277296
0330099
0091225
1078940
0477051
1298644
0926129
6772950
1620680
0110613
1032815
0117765
1121096
2304933
0795461
0104692
0383010
1075747
2479478
0449010
1231580
7897330
0108162
0102782
0102558
2334871
0252076
1815862
1592873
7329656
10333426
1314228
0424774
1098327
7315484
0758730
1714203
0417148
0881891
2103254
0228333
10682266
4287320
1255919
0852713
0253867
0099994
0171363
0120461
13061914
4685762
3317234
2072230
1144884
4019560
0419706
1945062
0185431
0242423
0362120
0116654
0799949
6476140
0780622
0086393
6199572
0810913
1686821
3612126
4913966
2702724
1045778
0119303
0097257
0361620
2205401
0240515
10418662
3835080
7134096
0308506
0061452
10451914
1945084
1464763
0831887
8461224
1114740
0106400
4877122
1921064
0360556
0089893
0443649
6127004
0103596
5159414
5246700
0299930
1240982
7510346
0452637
1311067
0209475
1302067
5690360
1502404
0109456
0298814
0100507
3138104
1935194
0114614
0285531
0271367
0089686
0960890
0333780
0430304
4154916
0295427
0096870
9173418
0088206
0367631
6802308
4687108
0106453
4565520
0275022
0402901
0112715
0465624
0765476
0091499
7456312
0472181
0106598
0113451
0238546
0466342
11012066
0398913
1071875
0110657
0480271
5734576
0094074
0356634
0424823
0467197
9820556
0097138
2938956
5013984
0402022
1320261
0383060
2974918
0338459
2784512
9134216
8201852
4463816
1198138
0120179
0100419
0219653
1600195
1530509
10183816
3685236
0109198
0362165
0242998
0374536
0185183
1139668
1073498
0117331
2039338
1179891
0382992
0211443
0460780
0800069
0104009
1142800
1486185
2386237
1243974
0130018
0305711
0457400
0249380
11240506
0397078
0084745
1341188
2292959
0093857
0962726
1582507
9419834
2467046
1615918
8179388
0430308
0338094
1883367
0104437
1212436
0095560
6772804
0328099
0155975
0081383
0405336
1594562
0081777
0109287
0287717
3707106
0325703
4986098
10308928
1991245
0100934
0775440
0119137
1114677
0086361
0368975
0118661
1258972
1152398
6133466
0113253
0158622
0282209
1093357
0455857
2918436
0257516
0204626
0396592
0938330
0385307
2752772
0105643
0450345
1731701
1043726
0316732
0419946
2528814
0102719
0060666
1285009
1366365
6495770
0118570
0119432
5539054
0383222
1540011
2296777
6905696
2948790
0370032
0141369
0208003
2582500
0432291
0105428
0377109
3256226
6821012
3045616
7545266
3462710
0175526
1222817
0108308
0106471
0119707
0361467
0327162
0134983
0329028
4530884
0313911
6513656
3387542
4558376
0115683
3011960
1411704
0808510
10930586
0110216
1316037
0498381
0400497
1552211
4600952
1072748
0118998
1829012
0094824
0255798
0441796
5884234
0086129
0095687
0204313
0098382
1564585
4667094
0804452
0462396
0101917
1598828
0085750
1204977
0116756
0190374
2243537
0119123
2967224
0107254
0089173
0479997
0184907
0094118
0283026
0264150
0085636
1472584
1913166
0120185
1139592
0110123
0093300
5893332
0118747
0322589
1247690
0446013
0103923
1029360
1308728
1633356
1712170
1731697
0097981
5913798
0076009
1517489
0366174
0804492
5607028
0100240
0239395
1920849
1724970
0120841
4694544
0337917
0430770
0291502
0411951
1305591
0806147
1801552
7634968
2403029
0081529
0365125
9531772
0095179
1552224
0100050
0106761
0246989
3838992
0368578
0110907
0097368
3280262
0290095
0116514
2017020
1457765
1901024
0093756
0436339
1232783
0105477
0102034
3038708
2215285
0110687
0421729
0470055
3733778
0110647
0387575
0098966
0097388
0457297
0257568
0814022
10481868
0208988
0317676
0167427
10888594
0297181
0166276
5322012
0329774
0486578
0367085
0450336
5598292
1273678
0052077
2637294
0454082
0138304
2828996
0167456
0110725
0105629
0217630
0211181
0484562
0234829
0119013
0331468
0118604
0087032
0457495
4439620
0329691
2339741
0132245
0406759
0103956
1935896
1231277
0454919
0097474
0452681
0467110
0811138
0106375
3352390
0865554
0120604
7608028
0145893
1545754
0281373
0246894
0405469
0117723
2088003
1160996
0326769
1674784
0231402
1705952
2032572
0437179
1185266
0482599
0455499
6836936
1666186
2171867
2109184
0364970
0369226
0363282
0115986
0976238
1578275
0091777
0365957
0249516
2372251
3450650
0141109
0897361
0114345
4382872
0433386
2358925
1756851
0265087
1438173
0367652
0772193
0299172
0120207
0113114
0422774
7256866
1975159
1212974
0089421
1334102
0489282
1772240
6684714
0131704
0326856
1841642
1213012
0107438
0095889
2300975
2473682
5689068
0105128
0229260
0093278
0144814
1014775
0113010
0157472
9898858
0327247
1151922
6774786
0306734
0425430
0095882
1464174
0118665
0891592
0240900
0118539
0388419
0156934
2923316
2401807
2124787
0455362
5059406
1468846
0285462
0486640
0069768
1433822
0065832
3658772
0463872
0775539
4383594
0080391
0144964
0376105
2070862
3216348
0339034
0492389
0245803
0120764
1452628
10739666
1767382
1935897
3082898
0119891
5709188
2473510
1659343
3480796
0176269
0240462
0258038
1274586
0479968
5360952
0784972
0374563
1411664
0375210
4824308
1519461
0250310
0192731
0270980
2885364
0288045
0120458
0304711
1085492
0097179
1423995
4030600
1132449
1878841
3704538
2409818
1391034
3322892
0180052
0144528
0357507
7312940
0283632
0160184
0762114
0329717
0409011
4720702
0186975
2167202
0393735
0133046
0271263
1153706
0433412
1392197
1020885
2799166
0114825
0099697
0112625
1016075
0429573
0239949
1231287
1762399
0118589
0283426
0790604
0449086
0361925
7721800
0872230
0315824
1699231
0318081
2180994
7255568
1480295
0120390
0246544
0108539
2960930
0116311
0461703
0120662
2231554
1403988
1603257
0361841
0790804
1560985
0297162
3622110
0110027
1911662
0411475
2752758
2281159
3702652
3014666
0270846
1634121
8743064
4419364
0400426
2309260
0163983
1544608
0482603
0160236
0098105
1268987
0961722
0162983
1766094
0110857
1649443
0844993
0358349
0107478
4191580
0295254
4535650
0308353
0988849
2235779
0315297
0116421
0417056
0997047
1524575
0389957
5970844
0119718
1597522
0131646
2193265
0979434
0401815
0101627
0376108
0372873
0273517
0205271
1742650
4009460
0844671
1535612
1833673
6527426
1649444
0490181
1785635
0951335
0213790
1134854
3774790
0261289
0231775
1780762
0120596
1714209
0785077
1810697
7431594
0119109
1886493
0120786
0492486
0462244
1935302
1287468
0270707
0785007
0200469
0219952
1053859
1562871
0089280
2212008
0335121
0780534
0476958
0120724
1748197
0132910
1879032
1653690
1235448
0265808
0389328
0419984
1288403
0084814
6988116
0811106
1142433
1756799
0397044
0308208
0156841
7721946
0800003
2034139
0157262
0433442
14723224
8366590
2461132
2172071
1646926
0338763
2690138
0276830
0058548
0421051
0806027
10230426
1407049
0349467
7059844
0160484
3327624
1013860
10350922
1029231
2112131
1815708
0252028
0238552
0462229
10062556
1572311
2574698
0120701
2091478
1316622
0393635
5997666
1712159
1729637
6038600
2372222
0462395
0808240
1193516
5882970
6843812
3595298
5842616
1757742
1708532
6910020
1520498
7668842
1373215
1188982
1577061
6439558
1578882
5456546
3477064
