X1;X2;X3;X4;X5;X6;X7;X8;X9;X10;X11;X12;D1
130;168;0;0;0;1;0;8;1;1;1;0;900
250;142;0;4;0;4;1;8;1;1;1;4;280
100;111;0;4;0;2;1;7;1;1;0;4;16
70;102;0;5;0;2;0;7;1;1;1;1;340
53;128;0;5;0;3;0;7;1;1;1;0;120
45;102;0;5;0;1;0;6;1;1;1;3;73
230;88;0;4;0;4;0;7;0;1;1;2;1000
450;187;0;3;0;1;0;8;1;1;1;0;990
290;123;0;4;0;3;0;6;1;1;0;0;1100
250;130;0;4;0;4;0;8;0;1;0;0;560
250;145;0;4;0;3;0;7;1;1;1;5;470
190;146;0;5;0;3;0;8;1;1;1;5;470
110;117;0;5;1;3;0;7;1;1;1;2;1000
13;114;0;5;0;3;0;7;1;1;1;5;280
160;98;0;1;0;3;0;7;1;1;1;2;300
33;106;0;4;0;4;0;7;1;1;1;3;490
42;132;0;5;0;1;0;6;1;1;0;1;410
140;108;0;0;0;4;0;7;1;1;1;2;900
300;121;0;4;1;3;0;7;1;1;1;2;840
300;229;0;4;0;2;0;7;1;1;1;2;54
250;170;0;5;0;1;0;6;1;1;1;7;650
10;97;0;4;1;2;1;7;1;1;1;0;510
200;105;0;3;0;2;1;7;1;1;0;3;860
150;117;0;5;0;3;0;7;1;1;1;18;460
110;107;0;5;1;2;1;7;1;1;1;0;440
60;113;0;5;0;4;1;6;1;1;1;0;69
150;155;0;5;0;1;0;7;1;1;1;3;430
200;108;0;4;1;3;1;7;1;1;1;5;740
100;89;0;0;0;2;0;8;1;1;1;0;100
36;84;0;4;0;2;1;6;1;1;1;0;59
110;118;0;4;1;1;0;7;1;1;1;3;100
150;100;0;5;0;3;0;7;1;1;0;0;770
250;158;0;4;0;1;0;7;1;1;0;5;760
230;126;0;4;0;4;0;7;1;1;1;4;480
130;118;0;0;0;4;0;7;1;1;1;1;350
22;136;0;5;0;4;1;8;1;0;0;2;260
30;120;0;5;0;3;0;7;1;1;1;0;150
300;116;0;5;0;3;0;8;1;1;0;2;460
75;104;0;4;0;3;0;7;1;1;1;2;830
60;106;0;4;0;4;0;7;1;1;1;3;230
12;161;0;3;0;4;1;7;1;0;1;4;250
30;133;0;4;0;3;0;7;1;1;1;9;1000
120;149;0;3;0;4;0;8;1;1;1;2;650
100;121;0;4;0;2;1;7;1;1;1;0;800
60;120;0;5;0;1;0;6;1;1;1;2;86
120;123;0;0;0;3;0;7;1;1;1;0;870
500;122;0;5;0;3;0;7;1;1;1;3;720
85;117;0;5;0;3;0;7;1;1;1;0;470
38;115;0;0;0;4;1;6;1;0;1;0;150
35;88;0;3;1;2;1;6;1;1;1;0;830
200;119;0;4;0;1;0;7;1;0;0;1;230
80;101;0;0;0;3;0;7;1;1;1;1;1000
60;103;0;3;0;4;1;7;1;0;1;0;700
12;99;0;5;0;3;0;8;1;1;1;5;29
130;119;0;5;0;4;0;7;1;1;1;4;130
8;109;0;4;0;2;1;7;1;1;1;1;320
380;123;0;0;0;3;0;6;1;1;1;2;960
150;147;0;5;0;4;1;6;1;0;1;2;200
150;148;0;4;0;4;1;7;1;1;0;4;560
150;183;0;4;0;1;0;7;1;0;0;7;490
28;131;0;5;0;0;0;7;1;0;1;6;11
270;133;0;3;0;4;1;7;1;1;1;0;1100
70;98;0;4;0;3;0;7;1;1;1;20;600
260;107;0;1;0;3;0;7;1;1;1;18;710
180;160;0;0;0;3;0;7;1;0;0;4;520
270;193;0;0;0;1;0;7;1;1;0;1;210
190;118;0;3;0;4;0;7;1;1;1;4;830
360;106;0;0;0;1;0;7;1;1;1;1;120
30;100;0;1;0;4;1;7;1;1;1;1;6
150;109;0;5;0;2;1;7;1;1;0;0;190
250;140;0;0;0;1;0;6;1;1;0;1;230
12;107;0;5;0;1;0;7;1;0;1;0;37
450;122;0;4;0;3;0;6;1;0;0;3;1000
150;107;0;4;0;4;0;6;1;0;0;0;980
130;102;0;5;0;3;0;7;1;0;1;0;530
9;102;0;2;0;3;0;7;1;1;1;8;44
90;137;0;5;0;4;0;7;1;1;1;4;780
30;106;0;0;0;4;0;7;1;1;1;4;1000
75;95;0;0;0;3;0;7;1;0;1;0;600
18;95;0;0;0;4;0;8;1;0;1;4;95
110;120;0;0;0;1;0;6;1;1;0;2;640
130;113;0;4;0;0;0;8;1;1;1;0;960
12;103;0;5;0;3;0;7;1;1;1;0;1000
25;101;0;0;0;1;0;7;1;0;0;3;59
3;91;0;5;0;3;0;7;1;1;0;0;470
20;106;0;5;0;2;0;6;1;1;1;8;330
50;99;0;4;0;4;0;7;1;1;1;0;300
400;112;0;0;0;3;0;7;1;1;0;4;750
60;130;0;4;0;2;1;7;1;1;1;9;290
9;120;0;4;0;1;0;6;1;1;1;3;1100
300;129;0;4;0;0;0;7;1;1;0;2;1000
200;107;0;4;0;1;0;7;1;1;1;3;610
65;112;0;4;0;2;1;7;1;1;1;6;980
350;131;0;3;0;1;0;7;1;1;0;0;750
250;106;0;3;0;4;0;6;1;1;1;3;1100
180;119;0;4;0;4;0;7;1;1;1;11;1000
120;94;0;3;0;3;1;7;1;1;1;0;400
370;188;0;5;0;1;0;7;1;1;1;6;480
50;97;0;0;0;2;1;7;1;0;1;3;97
37;89;0;0;0;1;0;7;1;0;1;0;5
2;91;0;0;0;1;0;7;1;1;1;0;19
50;165;0;0;1;2;1;7;1;1;1;1;54
110;130;0;0;0;1;0;7;1;1;1;2;1100
500;129;0;0;0;4;0;7;1;1;0;5;1000
40;102;0;4;1;4;0;6;1;1;1;2;1100
60;139;0;1;0;1;0;7;1;1;0;1;1000
50;118;0;0;0;2;1;7;1;0;1;1;230
160;94;0;3;0;2;0;7;1;1;1;2;680
140;156;0;3;0;1;0;7;1;1;1;0;920
28;121;0;0;0;0;0;7;1;1;1;15;1
28;106;0;0;1;4;1;7;1;1;0;2;860
220;121;0;0;1;1;0;7;1;1;1;4;170
250;119;0;0;1;3;0;6;1;1;1;5;760
50;117;0;5;0;1;0;8;1;1;0;2;550
40;126;0;5;0;1;0;7;1;0;0;0;640
9;207;0;0;0;3;1;7;1;1;1;0;3
40;165;0;5;0;3;0;7;1;1;1;4;480
58;112;0;3;0;0;0;7;1;1;0;6;320
31;130;0;0;0;4;1;7;1;1;1;11;61
140;101;0;3;0;4;0;6;1;1;1;0;710
130;133;0;4;0;1;0;7;1;1;1;6;650
25;115;0;0;1;4;1;7;1;1;1;2;5
150;132;0;0;0;3;0;6;1;1;0;3;99
100;120;0;4;0;3;0;6;1;1;1;2;330
310;100;0;5;1;3;0;6;1;1;1;1;560
250;113;0;0;0;0;0;6;1;1;0;3;400
180;101;0;0;0;3;0;7;1;1;0;2;230
65;112;0;0;0;3;0;7;1;1;1;1;570
150;212;0;1;0;3;0;7;1;0;1;4;740
400;87;0;3;0;3;0;7;1;1;1;8;460
170;149;0;0;0;4;0;6;1;0;1;0;110
190;114;0;4;0;4;0;7;1;1;1;7;340
130;220;0;0;0;1;0;6;1;1;0;4;650
30;96;0;4;0;2;1;7;1;1;0;4;230
10;112;0;3;0;1;0;7;1;0;0;3;370
150;154;0;0;0;3;0;7;1;1;0;4;980
16;113;0;4;0;3;0;6;1;0;1;12;46
85;124;0;4;1;1;0;7;1;0;0;0;25
20;129;0;5;0;1;0;7;1;0;1;0;350
24;128;0;4;0;0;0;7;1;1;1;2;77
190;115;0;4;0;1;0;7;1;1;1;7;320
42;106;0;0;1;2;1;7;1;1;0;0;310
30;110;0;0;0;4;0;7;0;0;0;2;510
180;129;0;4;0;1;0;7;1;1;0;4;230
300;144;0;4;0;4;0;6;1;1;1;3;630
22;134;0;5;0;3;0;7;1;1;1;1;29
50;110;0;3;0;4;0;8;1;1;1;1;1000
60;109;0;4;0;1;0;6;1;1;1;1;440
150;128;0;0;0;1;0;7;1;1;1;7;340
11;101;0;0;0;3;0;7;1;0;1;0;91
150;124;0;0;0;4;0;7;1;1;1;8;850
32;153;0;0;1;1;0;7;1;0;1;0;13
45;114;0;5;0;3;0;7;1;0;0;0;9
350;153;0;0;0;1;0;7;1;1;1;5;220
40;94;0;3;0;3;1;7;1;1;1;0;200
130;152;0;5;0;0;0;7;1;0;1;0;1000
160;93;0;1;0;4;0;7;1;0;1;2;460
31;136;0;3;0;4;1;7;1;1;1;4;1
27;98;0;5;0;3;1;6;1;1;1;0;4
27;80;0;4;0;3;0;7;1;1;1;4;150
30;109;0;4;1;2;1;7;1;1;1;4;200
36;113;0;3;0;3;0;7;1;1;1;6;440
7;114;0;0;0;4;0;7;1;1;1;0;1
6;132;0;3;0;4;1;7;1;1;1;4;150
180;76;0;3;0;4;0;7;1;1;0;1;910
18;104;0;4;0;1;0;7;1;1;0;4;510
40;172;0;0;0;2;1;6;1;1;0;2;2
120;197;0;0;0;4;0;8;1;1;1;7;18
70;109;0;0;0;3;0;6;0;1;0;0;550
17;110;0;0;0;2;1;7;1;1;0;18;3
110;113;0;0;0;3;0;7;1;1;0;0;780
30;161;0;0;0;1;0;7;1;0;1;8;270
40;114;0;4;0;3;0;6;1;0;1;0;110
60;110;0;0;0;4;0;7;1;1;1;5;1000
60;124;0;4;0;1;0;7;1;1;0;4;540
33;122;0;5;0;3;1;8;1;0;1;0;300
90;93;0;0;0;4;1;7;1;1;1;2;170
350;180;0;5;0;1;0;6;1;1;0;1;44
4;90;0;0;0;2;0;6;1;0;1;1;5
180;122;0;0;0;4;0;7;1;0;0;3;260
85;138;0;0;0;1;0;6;1;0;1;6;700
5;123;0;0;0;4;0;8;1;1;1;0;220
10;135;0;0;0;1;0;7;1;0;1;3;240
37;135;0;0;0;3;0;7;1;1;1;8;310
180;94;0;4;0;4;0;7;1;1;0;3;600
2;99;0;4;0;4;1;7;1;1;0;4;140
30;125;0;0;0;2;0;7;1;1;1;16;180
14;138;0;0;0;4;0;7;1;1;1;12;1
160;129;0;0;0;4;1;7;1;0;1;2;530
18;101;0;0;0;0;0;8;1;0;1;0;84
120;100;0;0;0;1;0;7;0;1;1;3;100
220;132;0;4;0;0;0;7;1;1;1;3;970
210;145;0;4;0;1;0;7;1;1;1;0;260
98;141;0;5;0;3;0;7;1;1;1;0;240
170;121;0;0;0;1;0;7;1;1;1;3;330
250;108;0;0;0;1;0;6;0;1;0;3;340
110;197;0;0;0;3;0;7;1;1;1;5;1100
140;90;0;3;0;4;0;7;1;1;0;0;43
120;151;0;0;0;4;1;7;1;0;1;5;530
110;162;0;0;0;4;1;7;1;0;0;0;41
110;106;0;4;0;4;1;6;1;0;0;0;220
80;105;0;0;0;3;1;7;1;1;0;0;90
140;115;0;4;0;4;0;7;1;1;0;17;50
330;202;0;0;0;1;0;6;1;1;0;4;480
1;96;0;4;0;2;1;7;1;0;1;2;2
80;100;0;0;0;4;0;7;1;1;1;0;410
45;97;0;0;0;3;0;7;1;0;0;1;100
40;93;0;3;0;1;0;7;1;1;1;14;380
270;110;0;4;0;0;0;7;1;1;0;2;560
20;154;0;4;0;3;0;7;1;1;1;4;200
120;172;0;0;0;1;0;7;1;1;1;9;610
90;116;0;4;0;4;0;7;1;1;1;16;61
50;129;0;5;0;3;0;7;1;1;1;6;170
120;123;0;0;0;3;1;7;1;0;1;4;370
45;150;0;5;0;1;0;7;1;0;1;0;65
62;103;0;3;0;4;0;8;1;1;1;2;100
18;81;0;0;0;3;0;7;1;1;1;0;72
120;140;0;4;1;3;1;6;1;1;1;0;400
8;102;0;0;0;3;0;7;1;1;1;0;750
90;181;0;0;0;4;1;7;1;0;0;1;100
120;95;0;4;0;3;0;7;1;0;0;0;220
180;242;0;0;0;1;0;7;1;1;1;4;47
200;109;0;0;0;4;0;7;1;1;0;3;25
6;165;0;1;0;4;1;7;1;1;1;0;210
250;127;0;3;0;1;0;7;1;1;1;3;180
15;111;0;0;0;3;0;7;0;1;0;1;2
23;90;0;4;0;2;0;8;1;0;1;0;9
33;125;0;3;0;1;0;8;1;0;1;2;61
60;123;0;4;0;4;0;7;1;1;0;2;480
210;81;0;5;0;2;1;8;1;0;0;0;830
190;141;0;0;0;1;0;7;1;0;1;6;680
150;111;0;4;0;3;1;7;1;1;1;0;760
1;86;0;4;0;1;0;7;1;1;1;2;200
50;135;0;4;0;1;0;6;1;1;1;3;230
8;95;0;0;1;4;0;7;1;1;0;4;22
90;169;0;0;0;3;0;7;1;1;1;0;210
100;112;0;1;0;4;0;6;1;1;0;2;64
20;125;0;1;0;3;0;6;1;0;1;3;9
7;103;0;0;0;1;0;7;1;1;1;6;140
120;103;0;2;0;4;0;7;1;1;1;2;12
75;131;0;0;0;3;0;7;1;1;1;5;280
40;108;0;0;0;1;0;6;1;1;1;9;560
22;125;0;1;0;2;1;7;0;0;0;0;760
180;159;0;0;0;2;1;8;1;1;1;0;240
77;158;0;0;0;1;0;6;0;0;0;5;71
89;127;0;4;0;1;0;7;1;1;1;0;290
45;136;0;4;0;3;0;7;1;1;1;2;130
9;112;0;0;0;4;0;7;1;1;1;9;4
15;87;0;1;0;4;0;6;1;1;1;3;4
21;170;0;0;0;3;0;7;1;1;0;6;230
90;96;0;5;0;3;0;7;1;1;1;14;400
26;125;0;5;0;3;0;7;1;1;1;0;360
22;160;0;0;0;4;0;7;1;0;0;2;99
42;96;0;0;0;3;0;6;1;1;1;0;7
53;107;0;0;0;3;0;6;1;1;0;0;320
85;100;0;3;0;4;0;7;0;0;0;0;1100
64;101;0;3;0;3;0;6;1;1;1;0;88
45;139;0;0;0;3;0;7;1;1;1;0;620
45;132;0;0;0;1;0;7;0;1;0;0;170
51;121;0;3;0;3;0;7;1;1;1;0;790
1;89;0;0;0;0;0;7;1;0;1;1;4
48;122;0;4;0;3;0;8;1;1;1;0;81
60;95;0;4;0;3;0;7;1;1;1;0;36
22;126;0;0;0;1;0;7;1;1;1;1;27
35;129;0;4;0;1;0;7;1;1;1;0;21
40;115;0;5;0;2;1;7;1;1;1;0;140
60;76;0;0;0;2;1;7;0;1;0;0;56
8;121;0;0;0;3;0;6;1;0;1;0;9
180;144;0;0;0;3;0;7;1;1;1;0;190
140;170;0;4;0;4;1;7;1;1;1;0;1
10;88;0;5;0;3;0;6;1;0;1;0;34
5;89;0;0;0;0;0;7;1;1;1;2;87
55;126;0;0;0;3;0;7;1;1;1;0;570
73;96;0;0;0;3;0;7;1;1;1;0;220
130;155;0;5;1;1;0;7;1;1;1;0;170
250;122;0;0;0;4;0;6;1;1;1;2;270
10;104;0;0;0;1;0;7;1;1;1;0;110
40;171;0;0;0;3;0;6;1;1;1;0;61
55;105;0;0;0;0;0;6;1;1;1;1;350
7;113;0;5;0;0;0;7;1;1;1;4;4
120;165;0;0;0;4;0;6;1;0;1;0;420
12;105;0;0;0;2;1;7;0;1;1;4;440
60;180;0;0;0;3;0;7;1;1;1;0;40
150;82;0;0;0;3;0;7;1;1;1;8;100
19;147;0;0;0;2;1;7;1;0;1;0;5
120;119;0;0;0;0;0;7;1;1;1;0;29
58;97;0;3;0;1;0;7;1;0;0;0;880
15;114;0;4;0;2;1;7;1;0;1;0;120
190;104;0;0;0;3;0;7;1;1;1;13;180
110;125;0;5;0;4;0;7;1;0;1;3;130
50;127;0;0;0;3;0;7;1;1;1;0;200
30;108;0;0;0;4;0;7;1;1;1;1;210
110;130;0;0;0;1;0;8;1;1;1;0;120
39;151;0;0;0;3;0;7;1;1;0;0;44
140;104;0;0;0;0;0;7;1;0;1;2;45
22;138;0;0;0;3;0;7;1;0;1;0;100
18;111;0;0;0;2;0;7;1;1;0;14;23
95;80;0;3;0;3;1;7;1;0;1;2;140
37;113;0;0;0;3;0;6;1;1;1;0;190
18;183;0;1;0;2;1;7;1;1;1;0;3
58;138;0;0;0;4;1;8;1;1;1;0;390
30;85;0;0;0;3;1;7;1;1;1;13;200
58;110;0;0;0;3;1;7;1;0;1;0;2
59;148;0;0;0;2;1;7;1;1;1;0;3
48;160;0;0;0;3;0;7;1;1;1;0;14
6;87;0;0;0;3;0;7;1;0;1;0;10
29;110;0;0;0;0;0;7;1;1;1;0;59
120;140;0;4;0;3;0;7;1;1;0;0;760
4;160;0;0;0;4;1;7;1;1;1;0;130
78;141;0;0;0;3;0;8;1;1;1;0;3
70;192;0;0;0;3;0;7;1;1;1;0;68
44;130;0;0;0;4;0;6;0;0;1;0;93
53;186;0;0;0;2;1;6;1;1;1;0;170
20;128;0;0;0;3;0;6;1;0;1;0;150
7;144;0;0;0;3;0;7;1;1;1;0;40
30;102;0;5;0;3;0;7;1;1;1;0;18
430;104;0;4;0;1;0;6;0;0;0;0;150
400;107;0;5;0;4;0;5;0;0;0;0;380
140;105;0;4;1;1;0;5;0;0;0;0;690
200;86;0;4;0;1;0;3;0;1;0;0;870
180;103;0;5;1;2;1;7;1;1;0;0;760
380;112;0;4;0;4;1;6;0;0;0;1;1000
240;88;0;3;0;3;1;6;1;1;1;1;830
25;99;0;5;0;2;1;6;1;1;1;0;55
480;118;0;0;0;3;0;5;1;0;0;0;730
450;128;0;5;1;2;0;7;1;1;1;0;200
65;84;0;0;0;4;0;6;0;0;0;0;290
160;102;0;0;0;3;0;8;1;1;1;1;310
60;94;0;5;0;4;0;6;0;1;0;1;320
50;94;0;5;0;1;0;6;1;1;1;0;320
16;92;0;5;1;4;1;4;1;0;1;0;3
350;75;0;3;0;2;0;5;1;1;1;0;710
60;99;0;5;0;2;1;4;1;0;1;0;49
220;106;0;0;0;4;1;7;0;0;0;0;170
90;98;0;0;1;0;0;7;1;1;0;0;37
200;87;0;4;1;3;0;3;0;1;0;0;340
170;89;0;0;0;3;0;6;1;1;0;1;69
200;109;0;0;0;0;0;6;1;1;1;1;70
480;104;0;1;1;3;0;7;0;1;0;0;200
22;92;0;0;0;2;1;6;0;0;0;0;210
50;100;0;5;0;3;0;6;1;0;1;0;120
250;117;0;0;0;3;0;7;1;1;0;2;710
200;93;0;5;0;0;0;6;1;1;1;0;400
500;120;0;5;0;1;0;7;1;1;0;0;550
180;110;0;4;0;1;0;7;1;1;0;2;400
500;109;0;0;1;4;0;7;1;1;0;0;59
130;83;0;3;1;4;0;7;0;1;0;0;730
200;97;0;0;0;4;0;6;1;1;1;0;370
60;118;0;0;0;3;0;6;1;1;1;0;2
50;83;0;5;0;2;0;5;1;1;0;0;85
370;110;0;3;1;4;1;5;1;1;1;1;370
500;104;0;0;0;3;0;7;1;1;0;0;1100
120;90;0;4;0;3;1;5;0;0;0;0;470
500;93;0;2;0;3;0;6;1;1;1;0;710
250;93;0;0;0;4;0;7;1;1;0;0;290
400;94;0;0;0;4;0;5;1;1;1;0;84
65;90;0;0;0;3;0;6;1;0;1;0;480
35;100;0;4;0;0;0;6;1;1;0;0;950
120;93;0;3;0;1;0;7;0;1;1;0;610
200;95;0;0;0;2;1;7;0;0;0;0;660
300;85;0;3;0;1;0;6;1;1;0;0;550
400;96;0;3;1;2;1;5;0;1;0;0;870
100;93;0;5;0;2;1;6;1;1;1;0;4
100;94;0;5;1;4;1;6;1;1;1;0;490
210;87;0;4;0;3;0;6;1;0;0;0;75
500;101;0;4;0;4;0;7;1;1;1;1;560
470;81;0;3;0;2;1;6;0;1;0;0;100
400;107;0;0;0;3;0;7;1;1;1;0;1100
180;98;0;5;1;2;1;7;1;1;0;2;3
12;71;0;5;0;1;0;7;1;0;1;0;15
350;95;0;5;0;0;0;7;1;1;1;0;1100
50;87;0;4;0;4;0;5;0;1;0;0;220
350;102;0;0;0;1;0;6;1;1;1;0;990
350;101;0;4;0;1;0;7;1;0;0;0;450
30;87;0;5;0;3;0;6;0;1;0;0;150
400;96;0;0;0;3;0;6;1;1;0;2;490
110;102;0;3;0;2;1;7;0;0;0;0;28
430;84;0;5;0;3;1;6;0;1;0;0;690
180;100;0;3;1;4;0;7;0;1;0;0;460
30;87;0;5;0;3;0;5;1;0;1;0;290
150;99;0;0;0;3;1;7;1;1;0;2;400
380;97;0;4;0;1;0;6;1;1;1;0;290
62;100;0;5;0;4;1;5;1;0;1;0;40
300;102;0;0;1;2;1;6;1;1;0;1;140
120;119;0;5;0;3;0;6;1;1;1;5;230
200;99;0;5;0;4;1;7;1;0;1;0;870
250;90;0;0;0;3;1;6;0;1;0;0;410
170;90;0;0;1;2;1;5;1;1;1;2;150
170;145;0;4;0;1;0;6;1;1;1;0;3
250;92;0;0;1;2;1;6;1;0;0;0;570
350;100;0;4;0;3;0;6;0;1;0;0;870
340;81;0;0;0;3;0;7;1;1;1;0;300
300;87;0;0;0;1;0;3;0;1;0;0;850
25;98;0;4;0;3;0;6;0;0;0;0;140
220;104;0;4;0;2;1;6;1;0;1;0;100
350;124;0;0;1;2;1;7;1;1;0;2;140
77;86;0;5;0;4;0;7;1;0;0;0;430
390;125;0;0;0;4;1;7;1;1;1;0;590
70;94;0;0;0;2;1;6;1;1;0;0;62
320;102;0;1;0;4;1;5;0;0;1;0;790
110;81;0;1;0;0;0;6;0;0;1;0;720
350;93;0;4;0;0;0;6;0;0;1;4;950
420;90;0;0;1;0;0;7;1;1;0;1;600
280;94;0;4;0;4;0;5;1;1;0;0;660
230;89;0;0;0;4;1;7;1;1;0;0;510
300;94;0;0;0;4;0;7;1;0;0;4;570
6;87;0;5;0;4;0;3;0;1;1;3;1
290;83;0;0;0;4;1;7;1;1;0;0;300
160;110;0;4;0;3;0;6;1;1;0;1;270
300;95;0;0;1;2;1;5;1;1;1;0;510
100;86;0;0;0;3;1;7;0;0;1;0;110
350;91;0;0;0;3;0;6;1;1;0;2;100
150;88;0;0;0;4;1;6;0;1;0;0;130
160;80;0;4;0;4;0;5;0;0;1;0;430
250;97;0;3;0;3;0;6;0;0;0;0;710
300;97;0;0;0;3;1;7;0;1;1;0;330
400;102;0;0;0;3;1;6;1;1;0;2;380
100;93;0;0;0;4;1;7;1;0;1;0;390
100;92;0;0;0;3;0;5;0;1;0;0;660
200;108;0;0;1;3;1;6;1;1;1;2;280
5;86;0;4;0;2;0;4;1;1;1;0;100
170;86;0;0;0;0;0;6;1;1;1;0;430
300;107;0;0;0;4;1;7;0;0;0;0;93
410;88;0;3;0;4;0;6;1;1;1;0;340
400;91;0;5;0;3;1;6;1;1;0;0;270
350;106;0;3;0;3;0;7;1;1;1;1;820
100;97;0;0;0;3;1;6;1;0;0;0;530
500;97;0;4;0;0;0;7;1;1;0;0;400
230;91;0;4;0;2;1;5;1;1;0;2;6
300;88;0;0;0;2;1;5;0;0;0;0;310
9;92;0;0;1;0;0;6;0;1;0;0;85
380;100;0;2;0;4;1;6;1;1;1;0;1100
200;102;0;0;0;2;1;6;1;1;1;0;7
100;112;0;5;0;3;0;7;0;0;1;0;64
15;101;0;5;0;0;0;6;1;1;1;0;15
480;101;0;3;0;4;0;7;0;1;0;1;1100
220;83;0;4;0;2;1;5;0;1;0;0;450
150;89;0;5;0;0;0;6;1;1;1;0;370
220;93;0;0;0;3;0;7;1;1;0;2;640
260;93;0;3;0;4;0;6;1;0;1;0;480
400;95;0;0;0;4;1;6;1;1;1;1;910
400;89;0;1;0;2;1;7;0;0;1;0;580
180;95;0;3;0;1;0;7;1;1;0;0;1000
100;122;0;5;0;4;1;6;1;1;1;5;33
320;105;0;0;0;2;1;7;0;1;1;0;590
400;117;0;0;0;3;0;7;1;1;1;1;460
130;99;0;0;0;2;1;6;1;0;0;0;64
430;118;0;3;0;1;0;7;1;1;1;3;230
300;99;0;1;0;4;0;5;1;1;0;0;620
150;95;0;0;0;4;0;6;1;1;1;1;200
300;109;0;4;0;3;0;7;1;1;0;3;50
300;96;0;0;0;3;0;6;1;0;0;0;610
200;98;0;3;1;3;0;7;1;1;1;0;180
290;99;0;0;0;1;0;5;0;1;0;0;780
150;89;0;4;0;4;1;6;1;1;1;0;19
250;95;0;4;0;4;0;3;1;1;1;1;36
120;87;0;4;0;0;0;6;0;1;0;0;240
60;89;0;5;1;0;0;7;1;0;1;0;220
140;94;0;0;0;4;0;7;0;1;0;0;190
100;93;0;5;1;2;0;5;0;1;0;0;140
100;100;0;2;0;4;1;6;0;1;0;0;84
50;89;0;0;0;3;0;6;1;1;1;0;450
270;89;0;2;0;2;1;6;1;1;1;0;850
300;89;0;4;0;4;1;7;0;1;0;0;640
150;105;0;5;0;3;0;6;1;1;1;0;390
450;107;0;3;0;1;0;4;0;1;0;1;330
150;90;0;1;0;3;0;5;1;0;1;0;320
200;83;0;4;0;1;0;3;0;1;0;0;850
100;97;0;0;0;3;0;5;0;0;0;0;3
270;107;0;0;0;3;0;6;1;1;0;0;520
70;88;0;0;0;1;0;6;1;1;1;10;6
500;95;0;0;0;0;0;7;1;1;1;1;98
150;96;0;0;0;4;1;7;0;1;0;0;9
100;89;0;4;0;1;0;7;1;1;1;0;10
260;93;0;0;0;2;1;7;1;1;0;0;96
200;97;0;3;1;3;1;7;0;1;0;0;700
49;83;0;4;0;3;0;3;0;0;0;0;39
50;92;0;5;0;4;0;5;0;1;1;0;220
33;83;0;0;0;1;0;7;1;1;0;0;380
30;95;0;0;0;4;0;7;0;0;1;0;78
20;113;0;0;0;2;1;5;0;0;0;0;640
130;94;0;5;0;3;0;7;1;0;1;0;370
100;84;0;0;0;4;0;6;0;0;0;0;7
80;85;0;0;1;0;0;6;0;0;0;0;480
290;96;0;5;0;2;1;5;1;0;0;0;360
140;106;0;5;0;3;0;4;0;0;0;0;9
300;87;0;3;0;2;1;6;1;0;0;1;190
300;97;0;4;0;1;0;5;0;1;1;1;470
200;93;0;0;1;3;0;7;1;0;1;0;180
50;86;0;0;0;3;1;6;1;1;0;0;260
250;98;0;0;0;0;0;6;1;1;0;0;260
100;86;0;0;0;4;0;5;0;1;0;0;200
100;93;0;4;0;3;0;7;1;1;1;0;10
350;107;0;4;0;4;1;7;0;1;0;1;220
360;90;0;0;0;4;1;7;0;0;0;0;170
250;99;0;0;0;4;0;6;0;1;0;1;51
200;97;0;0;0;3;0;5;0;1;0;2;1000
300;93;0;0;0;2;0;6;1;1;1;0;110
300;91;0;4;0;0;0;7;0;0;0;0;16
200;88;0;4;1;0;0;7;0;0;1;0;570
450;96;0;5;0;2;1;5;0;1;0;1;170
40;85;0;5;0;1;0;7;1;1;0;0;93
200;102;0;4;0;3;0;6;1;0;1;0;700
450;87;0;0;0;0;0;7;1;1;1;1;700
200;93;0;4;0;1;0;7;0;1;1;1;160
150;86;0;3;0;1;0;7;0;1;1;0;340
50;92;0;0;0;4;0;6;1;1;0;0;180
120;100;0;0;0;1;0;8;0;1;0;0;170
30;87;0;0;0;3;0;7;0;1;0;0;120
140;117;0;5;0;3;0;4;0;1;0;4;300
350;101;0;0;0;3;0;6;0;1;0;0;340
200;92;0;4;0;3;0;5;0;1;0;0;220
120;90;0;0;0;2;1;5;1;1;0;0;230
90;95;0;4;0;4;1;6;1;1;0;0;210
300;94;0;4;0;1;0;6;0;0;0;0;1000
100;92;0;3;0;3;0;6;1;1;0;0;62
280;123;0;0;0;2;0;7;1;1;1;0;140
50;87;0;4;0;3;0;7;0;1;1;0;150
120;97;0;0;0;4;1;5;1;1;0;0;360
150;87;0;4;0;2;1;6;1;1;1;0;670
240;84;0;4;0;3;1;7;1;1;1;0;130
150;90;0;4;1;3;0;7;1;0;0;0;470
400;98;0;0;0;1;0;7;0;1;0;0;260
180;81;0;4;1;2;1;6;0;1;0;0;260
35;95;0;0;0;3;1;6;0;0;0;0;1
300;110;0;0;0;2;1;7;0;1;1;3;140
500;101;0;0;0;1;0;4;0;1;1;2;380
180;133;0;0;0;4;1;7;1;1;1;5;110
80;95;0;3;0;3;1;5;0;0;0;0;500
65;89;0;0;0;4;0;6;0;1;0;0;160
99;92;0;0;0;1;0;6;1;0;1;0;100
120;97;0;1;0;4;0;7;0;1;0;0;1100
160;95;0;0;0;3;0;7;1;1;1;0;3
350;91;0;0;0;1;0;6;1;1;0;0;140
200;100;0;0;0;0;0;6;1;0;0;0;190
350;109;0;0;0;4;0;6;1;0;1;0;170
100;114;0;5;0;4;0;7;1;1;0;0;14
110;95;0;4;0;2;1;5;0;0;0;0;230
450;99;0;0;0;3;1;6;1;0;1;1;420
250;107;0;0;0;3;0;6;1;0;1;0;210
110;106;0;0;0;1;0;5;0;1;0;3;20
190;166;0;0;0;1;0;6;0;1;0;0;170
330;99;0;3;0;3;0;5;1;0;0;2;1100
50;87;0;4;0;4;0;6;0;1;0;0;90
260;94;0;4;0;3;0;7;0;0;0;0;380
200;87;0;4;0;1;0;6;1;1;1;0;450
200;89;0;0;0;0;0;7;0;1;1;0;670
70;89;0;0;0;1;0;6;0;0;0;0;360
40;90;0;5;0;3;1;6;1;0;1;0;3
140;86;0;4;0;2;1;6;0;1;0;0;64
320;107;0;3;0;1;0;7;0;0;0;0;820
14;98;0;0;0;4;1;7;0;1;1;0;15
30;101;0;0;0;3;0;6;0;1;0;0;7
110;91;0;4;0;2;0;6;0;1;0;0;240
130;96;0;0;0;3;0;5;1;1;1;1;89
250;87;0;3;0;1;0;6;0;0;0;0;150
60;95;0;0;0;2;1;6;1;1;1;1;130
83;91;0;4;1;4;0;4;0;0;0;0;17
140;83;0;4;0;2;1;4;0;0;0;1;290
100;97;0;0;0;4;0;4;0;1;0;0;25
450;91;0;0;1;4;0;7;1;1;0;0;200
200;88;0;3;0;3;1;5;1;1;0;1;94
220;111;0;0;0;2;1;6;1;1;0;2;1000
300;87;0;3;0;0;0;5;0;1;0;1;290
170;99;0;0;1;4;1;6;0;1;1;0;240
250;102;0;0;0;2;1;7;1;1;0;2;300
340;76;0;3;1;4;0;7;0;0;0;0;230
200;87;0;4;0;1;0;4;0;1;0;0;69
70;97;0;0;0;2;1;6;0;1;0;0;120
400;99;0;4;0;2;1;7;1;1;0;2;140
210;95;0;3;1;2;1;7;1;0;1;0;390
220;105;0;0;1;3;0;7;1;1;1;3;100
300;117;0;0;0;2;1;6;1;0;1;1;2
90;101;0;0;0;0;0;5;0;1;0;0;51
350;103;0;0;0;1;0;6;0;0;0;0;320
60;96;0;0;0;4;0;5;0;1;0;0;43
45;95;0;0;1;4;0;5;0;1;0;1;1
100;90;0;0;0;3;1;5;0;0;1;0;2
380;102;0;4;0;3;1;7;1;0;1;3;110
450;83;0;0;0;4;1;6;1;0;1;0;100
300;87;0;0;0;2;1;7;1;0;0;2;570
50;94;0;0;0;1;0;6;1;0;1;1;6
62;83;0;3;0;4;0;6;0;0;0;0;1
250;95;0;3;0;2;0;6;0;0;0;0;120
150;98;0;0;0;3;0;7;1;1;0;1;24
260;99;0;1;0;4;0;7;1;1;0;0;120
230;122;0;4;0;1;0;7;1;1;0;2;220
50;91;0;5;0;1;0;6;0;1;0;0;3
2;98;0;0;0;0;0;5;0;1;0;0;170
9;94;0;0;0;2;1;5;1;1;1;0;90
130;98;0;4;0;0;0;5;0;0;0;0;190
300;87;0;0;0;0;0;5;1;0;0;0;210
450;170;0;0;0;3;1;6;0;1;0;0;57
290;102;0;3;0;3;0;7;1;1;0;0;200
170;89;0;0;0;3;0;7;1;0;0;0;160
70;94;0;5;0;4;1;6;1;0;1;0;2
150;108;0;0;1;3;1;6;1;0;0;2;5
71;143;0;0;0;1;0;4;1;1;0;0;160
1;81;0;4;0;2;1;5;0;0;0;0;420
180;90;0;0;0;3;1;4;0;1;0;2;110
400;104;0;3;1;2;1;6;0;1;0;0;320
450;99;0;0;1;3;0;6;0;1;1;0;310
200;107;0;0;0;3;0;4;0;0;0;0;130
380;124;0;0;1;1;0;6;1;1;0;0;64
280;92;0;0;0;3;0;6;0;1;0;0;580
100;88;0;4;0;1;0;6;1;1;0;1;330
50;90;0;0;1;2;1;7;1;0;0;0;18
5;79;0;0;0;3;0;5;0;0;0;0;27
260;100;0;0;0;1;0;6;0;1;0;0;280
200;114;0;0;0;2;1;4;1;1;1;0;660
90;155;0;5;0;3;0;7;1;1;0;0;140
300;95;0;4;0;4;0;3;1;0;0;0;7
20;89;0;0;0;4;0;5;0;1;1;0;2
170;119;0;0;0;2;0;4;0;1;0;0;79
160;158;0;0;0;4;1;6;1;1;0;0;310
220;104;0;1;0;4;0;7;1;0;0;0;52
120;84;0;4;0;2;1;7;1;0;0;0;110
60;89;0;0;0;4;1;7;1;1;1;1;180
250;83;0;0;0;3;0;5;0;1;1;0;310
300;100;0;0;0;2;1;7;0;0;0;0;110
250;85;0;4;0;1;0;7;1;1;1;0;140
330;86;0;0;0;4;0;6;0;1;0;0;170
260;94;0;0;0;1;0;7;1;1;1;0;15
250;99;0;4;0;2;1;7;0;1;0;3;41
370;117;0;3;0;3;0;6;1;1;1;4;120
30;90;0;0;0;1;0;6;0;1;0;0;9
100;97;0;4;0;4;0;7;1;1;1;0;8
70;93;0;0;0;2;1;5;0;0;0;0;57
220;87;0;0;1;3;0;7;1;1;0;2;330
64;80;0;0;0;1;0;6;1;0;1;0;110
150;88;0;0;0;4;1;6;1;1;1;0;64
35;98;0;4;1;2;1;6;0;0;1;0;2
100;85;0;0;0;1;0;6;1;0;0;0;1
370;113;0;0;0;1;0;6;0;1;1;1;140
200;85;0;0;0;3;0;6;1;1;1;0;21
300;91;0;0;0;3;1;6;1;0;1;0;100
370;81;0;0;0;2;1;6;0;1;1;0;650
40;89;0;0;1;1;0;8;1;0;0;0;150
60;96;0;0;0;4;1;7;1;0;0;2;90
150;98;0;0;0;4;0;6;1;1;0;0;63
130;127;0;0;0;1;0;6;1;1;1;2;12
50;85;0;0;0;1;0;6;0;1;0;0;14
100;95;0;0;0;4;0;5;0;1;0;0;210
200;136;0;0;0;2;1;6;1;1;1;0;46
100;96;0;4;0;2;1;4;0;0;1;0;15
500;97;0;4;1;4;1;6;1;0;0;2;310
200;108;0;0;0;2;1;6;0;0;0;0;57
300;91;0;0;0;2;1;6;0;1;1;0;58
140;152;0;0;0;3;0;6;1;1;1;0;41
30;120;0;0;0;0;0;6;1;0;1;0;23
13;160;0;0;0;4;1;5;1;1;1;0;140
150;85;0;0;0;4;1;7;1;1;0;1;110
36;118;0;0;0;4;0;6;1;0;1;0;11
5;90;0;0;0;1;0;3;0;1;1;0;280
78;130;0;0;0;3;1;6;0;0;0;0;310
50;110;0;0;0;4;0;6;0;0;0;0;23
58;120;0;0;0;4;1;5;1;1;0;0;42
42;135;0;0;0;4;1;7;1;1;1;0;130
97;135;0;0;0;4;0;5;0;0;0;0;21
