X1;X2;X3;X4;X5;X6;X7;X8;X9;X10;X11;X12;D1
68;131;0;4;0;1;0;7;1;1;0;2;67
150;108;0;0;0;4;0;7;1;1;1;1;360
190;114;0;3;0;4;1;7;1;0;1;3;640
160;95;0;0;0;4;0;7;1;1;1;1;930
400;130;0;3;0;4;1;8;1;1;0;3;1000
79;145;0;5;0;3;0;7;1;1;1;0;370
64;107;0;4;1;3;0;7;1;1;0;6;780
90;113;0;4;0;3;0;8;1;1;1;2;400
16;86;0;4;0;3;0;7;1;0;1;3;72
18;93;0;5;0;1;0;7;1;0;1;1;160
65;120;0;4;0;3;0;6;1;1;1;2;370
40;102;0;4;0;4;1;7;1;0;0;8;350
120;102;0;5;0;3;0;7;1;1;1;1;370
300;117;0;3;0;0;0;7;1;1;1;0;36
310;121;0;0;0;1;0;6;1;1;1;4;520
300;117;0;3;0;1;0;7;1;1;1;1;960
270;100;0;0;0;3;0;7;1;1;1;1;270
71;170;0;0;0;4;1;8;1;1;1;0;600
20;137;0;4;0;1;0;7;1;1;1;0;770
26;93;0;0;0;2;0;7;1;0;1;2;1100
8;119;0;3;0;1;0;7;1;1;1;5;16
150;218;0;0;0;1;0;7;1;1;1;10;450
180;127;0;0;0;2;0;7;1;1;1;2;58
390;119;0;3;0;4;0;8;1;1;1;0;400
50;155;0;4;0;4;0;7;1;0;1;0;130
38;121;0;0;0;4;0;7;1;1;1;7;230
210;110;0;4;0;1;0;7;1;1;1;6;710
470;141;0;5;0;4;1;7;1;1;1;1;35
130;113;0;3;1;1;0;7;1;1;1;2;230
110;185;0;0;0;4;1;8;1;0;1;2;1
120;85;0;4;0;1;0;5;1;0;1;0;780
170;170;0;0;0;4;1;7;1;0;0;7;720
50;124;0;3;0;3;0;6;1;1;1;5;260
25;83;0;4;0;3;0;7;1;0;0;0;9
13;118;0;4;0;1;0;7;1;1;1;2;290
14;145;0;4;0;3;0;6;1;1;1;1;22
140;131;0;4;0;1;0;7;1;1;1;1;200
6;127;0;0;0;4;0;6;1;0;1;0;1
30;113;0;0;0;4;0;6;1;1;0;3;1
150;134;0;0;0;1;0;6;1;1;1;7;230
30;126;0;0;0;0;0;7;1;1;1;6;50
10;117;0;3;0;1;0;8;1;0;1;2;87
33;93;0;3;0;4;1;5;1;1;1;0;200
30;94;0;0;0;2;0;6;1;1;1;2;34
20;102;0;3;0;1;0;7;1;1;1;8;1
13;105;0;5;0;1;0;6;1;1;1;0;16
23;321;0;0;0;2;1;7;1;1;1;0;43
64;107;0;0;0;3;0;7;1;1;1;12;400
390;137;0;2;0;2;1;7;1;1;0;1;240
120;98;0;0;0;1;0;7;1;1;0;1;1000
100;126;0;0;0;4;0;7;1;1;1;1;430
6;113;0;4;0;4;0;7;1;1;1;0;100
32;224;0;4;0;3;1;6;1;1;0;0;17
11;107;0;4;0;3;0;7;1;1;1;1;15
20;124;0;0;0;1;0;6;1;0;1;2;210
21;98;0;4;0;1;0;7;1;1;1;0;48
120;85;0;0;0;4;1;6;1;1;0;2;320
15;144;0;0;0;3;1;8;1;1;1;0;170
25;110;0;0;0;3;0;7;1;1;1;0;9
500;104;0;5;0;1;0;6;0;1;0;1;400
400;115;0;4;0;3;1;6;1;1;1;0;1100
100;94;0;5;0;2;0;6;1;0;1;0;350
28;88;0;0;0;3;0;5;1;0;0;0;190
500;99;0;4;1;2;0;6;0;1;1;0;830
350;119;0;5;0;3;0;6;1;1;0;0;430
50;100;0;0;1;4;0;5;0;0;1;0;140
260;100;0;5;0;1;0;6;0;1;0;0;670
210;93;0;4;1;0;0;8;1;1;0;2;950
130;115;0;3;0;3;0;7;0;0;1;1;150
350;101;0;3;0;3;1;7;0;1;1;2;250
340;104;0;3;0;1;0;7;1;1;0;0;190
280;108;0;0;0;2;1;7;0;1;1;0;380
110;97;0;0;1;2;1;6;1;1;0;0;100
120;106;0;5;0;1;0;5;0;1;0;0;96
300;99;0;0;0;4;0;7;1;1;0;1;130
450;100;0;0;1;0;0;7;1;0;0;0;170
64;95;0;0;0;4;1;6;1;1;1;0;4
50;85;0;5;0;1;0;5;0;1;1;0;310
110;89;0;5;1;3;0;7;1;0;1;1;340
200;96;0;0;1;4;1;6;0;0;0;0;220
140;87;0;3;0;2;1;6;1;0;1;0;140
150;89;0;1;0;1;0;6;0;0;0;0;1100
110;86;0;4;0;0;0;6;1;1;0;0;470
180;94;0;3;0;2;1;6;0;1;0;0;620
120;107;0;0;0;3;1;6;1;1;0;2;150
300;99;0;3;0;3;0;5;1;0;0;0;450
190;85;0;4;0;2;1;7;1;1;1;2;390
470;84;0;3;0;3;0;6;1;1;0;0;850
150;89;0;3;0;2;1;6;1;1;0;0;330
250;102;0;5;0;4;0;6;1;1;1;1;830
78;96;0;0;0;2;1;7;1;1;1;0;23
25;86;0;4;0;3;0;5;0;0;1;0;600
210;96;0;0;0;3;1;6;1;1;1;0;420
160;86;0;4;0;0;0;6;0;1;0;0;140
350;87;0;4;0;0;0;7;0;1;0;1;510
200;82;0;0;0;3;0;3;0;0;0;0;800
400;84;0;4;0;1;0;7;1;1;1;0;460
200;91;0;0;0;3;0;6;1;1;1;2;67
150;98;0;4;0;4;0;7;1;0;0;0;480
10;83;0;0;1;1;0;5;0;0;0;0;1000
30;83;0;0;0;1;0;7;1;0;1;0;44
220;96;0;0;0;1;0;6;0;1;1;0;100
210;93;0;0;0;0;0;6;1;0;1;0;4
100;92;0;0;0;1;0;7;1;1;0;0;16
100;146;0;0;0;0;0;6;0;0;1;0;16
170;96;0;5;0;1;0;7;1;1;1;0;100
240;156;0;0;0;3;0;6;1;1;1;0;350
50;120;0;0;0;1;0;5;0;0;0;0;240
80;91;0;4;0;2;1;5;0;0;0;0;130
32;100;0;0;1;3;0;7;1;0;1;0;5
200;98;0;4;0;2;1;7;0;1;0;1;110
250;111;0;0;1;3;0;6;1;0;0;0;21
320;107;0;0;0;4;1;4;0;1;0;0;750
52;91;0;0;0;1;0;4;1;1;1;1;100
32;95;0;5;0;3;0;6;1;0;0;0;49
100;100;0;0;0;4;0;7;1;1;1;0;54
200;84;0;0;0;4;0;6;0;1;0;0;100
50;88;0;0;0;0;0;6;1;0;1;1;250
170;100;0;4;0;2;1;6;1;1;0;0;8
250;108;0;4;0;2;0;7;1;1;0;1;240
110;96;0;0;0;4;0;6;0;1;0;3;4
450;91;0;0;0;4;0;6;1;1;0;2;150
230;164;0;0;0;3;0;6;1;1;1;0;520
130;202;0;4;0;3;0;6;1;1;1;16;470
310;147;0;5;0;3;0;6;1;1;0;13;920
80;89;0;0;0;1;0;7;1;1;0;0;520
42;180;0;5;0;3;0;6;1;0;1;0;190
25;82;0;0;0;1;0;7;1;1;1;0;47
130;103;0;0;0;3;0;7;1;1;1;0;330
27;102;0;1;0;2;1;7;1;1;0;2;250
500;133;0;0;0;4;0;7;1;1;1;4;1100
150;107;0;5;0;3;1;8;1;1;1;2;340
150;96;0;4;0;4;1;6;1;1;1;1;600
200;129;0;5;0;4;0;7;1;1;1;4;980
50;101;0;4;0;3;0;7;1;1;0;1;82
250;122;0;5;0;3;0;7;1;1;1;0;100
180;137;0;0;0;4;0;7;1;1;1;2;3
18;125;0;0;0;3;0;7;1;0;1;3;500
25;103;0;0;0;0;0;7;1;1;1;0;19
20;129;0;0;0;4;1;7;1;1;1;3;5
30;130;0;4;0;3;0;7;1;1;0;4;290
37;86;0;1;0;1;0;8;1;0;1;2;300
100;178;0;5;0;3;0;6;1;1;1;1;160
1;96;0;4;0;2;0;6;1;0;1;0;2
200;99;0;3;0;4;1;7;1;1;0;0;1000
220;191;0;0;0;1;0;7;1;1;1;5;520
62;145;0;0;0;3;0;7;1;1;0;3;6
200;124;0;4;1;1;0;7;1;1;1;7;600
280;163;0;0;0;4;1;7;1;1;1;6;430
60;188;0;0;0;3;0;7;1;0;1;2;67
80;105;0;3;0;1;0;7;1;1;1;12;1000
140;141;0;0;0;1;0;7;1;1;1;1;340
120;115;0;0;0;1;0;7;1;1;1;2;270
53;94;0;0;0;3;0;8;1;1;0;2;420
1;89;0;0;0;4;1;8;1;1;1;0;9
19;129;0;3;0;4;1;7;1;1;0;7;1
71;155;0;3;0;2;1;7;1;1;1;0;51
56;93;0;0;0;4;0;7;1;0;1;2;41
2;94;0;0;0;1;0;7;1;1;0;1;1
15;146;0;0;0;1;0;7;1;0;1;0;5
190;116;0;3;0;4;1;6;1;1;1;0;170
23;122;0;0;0;4;0;7;1;0;0;0;12
190;97;0;4;0;4;0;7;0;0;0;0;910
70;109;0;4;0;4;0;6;1;1;0;0;480
40;91;0;0;0;4;0;6;0;1;0;0;520
400;113;0;4;0;0;0;6;0;1;0;0;680
110;94;0;0;0;3;1;6;1;1;0;0;12
110;92;0;5;0;2;1;5;1;0;1;0;170
200;92;0;5;0;4;1;6;0;0;0;0;470
70;85;0;4;0;2;1;5;0;1;0;0;270
190;109;0;4;0;3;0;7;1;1;0;0;450
500;95;0;3;0;4;0;6;0;1;0;0;390
200;108;0;0;0;2;1;7;0;1;0;0;730
160;114;0;0;0;3;0;5;1;1;0;1;500
200;95;0;0;0;3;0;7;1;1;1;0;550
450;115;0;3;0;1;0;7;0;1;0;2;1000
260;96;0;0;0;3;1;6;1;0;1;0;720
280;102;0;3;0;2;1;7;1;0;1;0;580
180;96;0;0;0;1;0;5;0;1;0;0;120
400;95;0;0;0;1;0;7;0;0;0;0;380
200;90;0;0;0;3;1;6;0;0;1;0;290
150;101;0;0;0;4;0;6;0;0;0;0;1000
290;96;0;0;0;3;0;6;0;1;0;0;690
74;96;0;4;1;4;1;6;1;0;0;0;290
250;99;0;0;0;2;1;6;0;1;0;3;150
120;100;0;0;0;1;0;6;1;0;0;0;150
180;107;0;0;0;3;0;7;0;1;0;0;770
320;95;0;3;0;1;0;5;1;0;0;0;970
130;115;0;0;0;2;0;7;0;1;0;0;750
40;86;0;5;0;1;0;5;0;1;1;0;250
100;94;0;5;0;2;1;6;0;1;1;1;29
100;88;0;0;0;3;0;5;0;1;0;0;780
500;88;0;0;0;4;0;6;0;1;0;1;68
240;110;0;4;0;2;1;7;1;0;1;0;230
400;101;0;5;0;2;1;6;0;1;0;0;180
160;97;0;1;0;2;1;7;1;0;1;0;17
100;90;0;0;0;2;1;7;0;0;0;0;18
200;90;0;2;0;4;0;6;0;1;0;0;500
240;89;0;0;0;3;0;6;0;1;1;0;310
470;75;0;0;0;1;0;6;0;1;0;1;380
52;96;0;0;0;1;0;7;1;1;1;0;7
140;86;0;0;0;4;0;5;1;1;0;0;180
150;90;0;0;0;3;0;6;1;1;1;2;10
450;99;0;3;0;2;1;5;1;1;1;0;2
200;88;0;0;0;3;1;7;1;1;0;1;10
