6710474
1745960
1877830
10872600
0068646
0499549
1160419
8178634
0325980
10698680
8367814
4154796
0111161
10366460
0468569
0144084
10370710
0816692
0407887
0993846
0107290
0109830
0241527
0120338
7131622
4154756
8946378
0110912
0119116
1856101
12361974
0076759
0087332
6751668
1375666
1156398
0137523
7286456
3501632
1392190
1950186
0083658
0071562
0470752
0114369
0120737
0075314
0108358
0361748
2015381
2267998
0180093
0113277
1431045
0099685
0172495
0089218
0078748
0108052
1853728
0133093
5463162
0477348
0120815
2582802
0414387
4633694
0088847
0078788
0087843
8579674
0119217
0088258
1392214
0082971
3281548
0088763
0081505
0110413
0093779
2119532
0371746
0102926
2584384
0112641
0120689
5052448
1345836
0083866
0848228
5726616
0381061
5013056
2488496
2084970
0482571
0796366
0092991
0103064
5362988
3748528
0091251
0121766
0332280
0372784
0099487
3498820
0169547
0120382
0099674
0092005
0151804
1130884
1727824
1119646
3315342
4016934
10272386
3659388
1210166
0050083
0090605
0167260
0110357
3896198
3397884
1798709
3890160
0086250
2802144
0338013
0314331
0780504
0240772
0108550
1049413
0112573
0330373
0118715
0091763
0073195
0181875
0066921
0246578
0080684
0166924
0364569
0947798
1596363
0114814
0090756
0118749
3521164
1201607
0409459
0086190
2543164
8503618
0093058
0097576
0073486
4912910
3460252
0080339
0062622
0245429
0093773
0088247
0469494
0268978
0108399
0120586
1568346
0209144
0190590
2194499
0416449
1302006
2872718
0486655
2278871
0098635
3416742
2948356
0382932
2278388
0061722
1285016
0783233
0060196
0119008
0167404
0264464
0108037
0093870
0070047
1659337
0266697
0097165
2106476
0208092
0126029
1074638
0104257
0091042
1663202
0071230
0425112
0903624
0829482
3783958
0105236
0936501
3170832
0317248
0472043
0106977
1631867
0117951
0449059
6966692
1877832
0457430
0119488
0054215
0878804
1270798
1843866
0067992
0758758
0114709
0059742
0032138
0105695
0304141
0119174
0401792
0084787
7838252
1454029
1979320
0112384
0118799
0257044
0167261
0253474
1024648
1675434
0443706
0034583
0116282
1605783
0117381
8613070
0421715
2582782
10288566
0347149
0434409
1255953
1408101
5311514
0265086
2096673
0325710
0926084
2380307
4846340
0266543
0086197
0095016
1291584
0780536
0096438
0765429
0068473
5027774
0388795
0790636
0211915
0119177
0104952
0353969
0175880
0892769
2024544
0398286
0317705
0077651
0206634
0139654
0328107
0104691
2948372
1250777
0071315
0077416
0198781
1205489
0319061
0190332
0086879
0181689
0099785
0120735
0095953
1979376
1022603
1045658
7979580
0289879
0031381
0375679
2245084
0114746
1189073
0910970
0245844
0387564
0454848
0091064
0210945
1187043
0066999
0365748
0162222
0441773
1403865
0327597
3741834
1517451
1895587
0075148
1170358
0101414
0399295
0114388
0327056
1748122
1182345
0112471
0080455
2562232
0103639
0144117
0107653
0033467
0095327
2543472
0061578
0335266
0057012
1323594
1136608
0363163
3553976
0097757
0450259
0245574
0099348
0082694
0258463
0361862
0097216
0106489
0038650
0099077
0405094
0454876
0100157
4034228
0063442
0096874
0914798
0378194
7653254
0071853
0876563
3606756
9071322
0405159
0058331
0072431
0064116
0381849
0101507
0435761
0056217
0118694
4468740
1454468
0119698
8267604
0308644
0059578
0047396
1504320
0053125
0120762
0094226
0432283
2582846
0454921
5104604
0058461
4698684
0047478
0105323
1010048
0056172
1070874
4857264
0082096
0056592
0485947
0045152
0106856
0452623
0063522
0379786
0107048
1855199
0964517
1490017
0083944
0230600
0081398
0072890
0109424
0440963
1588170
1398426
0093409
1772341
1065073
0765443
0053291
0107207
1318514
3076658
1305806
2103281
0094625
5363618
0118929
0071360
0119822
0109707
0120363
0129167
0054698
0095647
0058150
0044081
0276919
0052618
0095765
0075860
0013442
0156887
0054047
1535109
2980516
5323662
2358891
0249462
0120863
0054331
0117666
0049833
0265666
0096283
0358273
0042041
0069293
0106519
0052357
11032374
1646971
1125849
1899353
0064665
0074958
0070666
2631186
0057115
0079944
0102138
0092965
3544112
0120601
0088846
0381681
0181865
0416320
1132620
0268126
0113247
0022100
0088939
0081283
0460791
0048424
0079470
0095705
0084726
0072684
0104797
3682448
3011894
0061852
0071615
0372183
0041959
0017136
0107688
0101921
0075686
0097441
0058385
0106469
0756683
0067116
0080678
1028532
2209418
1139797
0107818
0128445
0070735
0108122
0033045
0043014
0061418
0056869
0112864
0068327
0074119
0113568
0029583
15097216
0104348
0083987
1542344
0168629
0064115
0087884
0373074
0075029
0266308
0053221
0824747
0049730
1832382
0070034
0277027
1220719
0077402
0140352
0067328
0025316
0109445
0050212
1924396
0053604
6155172
0817177
0338309
0395169
0050976
0058777
0061811
0089881
0042192
0047296
0055630
0088680
0056058
0036613
0352248
0091605
0315733
0050825
0245712
0061512
0147612
0425210
0063350
2338151
0066206
0022913
0046250
0061395
3612616
5074352
0059113
0480025
0101410
7668870
0070511
1655442
2265171
8239946
0060827
0097814
0036775
0065214
1683526
0132477
0085794
0118845
0100150
0092067
0032976
0031971
0056687
0299977
1602620
0065207
0096163
0093389
0056801
5116302
0107943
0116477
0038355
0087544
0024216
0051201
0084855
0048545
0045061
0067093
1216496
0056923
0069762
0412080
0067185
0043456
0110729
0077405
0130827
0053779
0112579
0986264
0370986
0079417
0455590
0032553
0084503
0040897
0056197
0046912
1821549
1306980
0042876
4080728
0091167
0389557
2013293
0498380
0907657
0087553
0851578
2582496
0814314
0033870
0078754
0036855
8075192
0085334
0125659
0048473
3169706
4729430
4901306
0169858
0054997
0070510
0032551
0027977
0061184
0078841
0243017
0307901
0040746
0475276
0166896
1365050
0111507
0045793
0036868
0097937
0108394
5198068
0093191
0350258
0338564
0044706
0115751
0073440
0055031
1954470
0154420
0384116
0118849
0083922
0037913
0104652
0032904
0053472
0158983
2370248
0052311
4849438
4302938
0061735
10431500
0047437
0072443
1190539
0021884
3262342
1527788
0052561
0069947
0070544
7961060
0051459
0037008
0032455
0053198
0010323
0037382
0978762
0043265
0044079
8108198
0040522
0120731
0113824
0057565
0079522
0042208
0344510
0421082
0065234
1562872
0287467
0117589
0040725
0102536
0423866
0063227
0073341
0111495
0031679
10280296
0107692
0038787
0049406
0029843
0301357
0048028
0060665
0185125
10324144
0101765
0040506
0059646
1032846
3841424
0861739
0248845
0056218
0044741
0104684
0055824
0036342
0050986
0074896
0369702
0039689
1149362
3398268
0062229
0106364
0021749
10295212
0275277
0049366
0068182
0046438
0300140
2576852
0072251
0057091
0053459
0032599
4430212
0020629
2802154
0318462
0029947
0037558
2395469
7060344
0060107
1754656
5168192
2431286
0340377
0026029
0169102
0091670
0024184
0114787
0026138
0012349
0071129
0870111
0062467
0058946
0054167
0042546
0106332
0023427
5186714
0046359
1865505
0058450
0042593
0040724
0050613
2350496
0055018
0120265
1188996
0065571
6148156
0083946
0025878
0061809
2024519
2140203
0401383
0117631
0046911
0347048
0019254
0808417
1235166
0030341
0118843
0048021
0250258
0046268
0347304
0080979
6316138
0051036
0035446
0071411
0097202
0017925
0063374
0051808
0374546
0055032
0030993
0372824
0086022
0068361
0045555
0069281
2758880
1590089
0260991
0056111
0808506
0015648
0090967
0043338
0291350
0408664
0053946
0050783
0069467
0110877
0457655
0056732
4169250
0047528
3322420
0286244
7485048
0100998
0293715
0053619
0052893
0101640
0298845
0292490
0039628
5571734
1242422
0418455
1360860
0092593
0476735
2404461
0089853
0388473
3390572
0046816
0097123
8291224
0015864
1069238
0247586
0041546
1093370
0023969
0056663
4934950
0018455
0028950
2082197
0037884
1555149
0053976
0383694
0077711
0263438
0073312
4635372
0318411
1827487
0376968
10189514
0015324
7725596
0018773
0283509
0112870
0097223
0405508
0119250
3863552
0401085
0104940
0034240
0119038
5764096
0056443
0119472
0038890
0091288
4434004
9052870
2991224
0424205
0026778
0140888
12361178
0086637
2377938
1280558
1327035
3848892
0031885
0420332
0038348
7019842
4387040
0374887
0073707
0116231
0375611
0386064
0367110
9477520
7218518
0880502
0242519
1620933
0270053
0871510
2317337
2356180
2283748
1639426
3417422
1821480
2181931
0066763
0109117
0456144
1171701
0200087
5108870
12996154
10886166
5834426
2180339
2322441
3099498
5433138
13610562
6920084
1502712
14060094
8404256
4126476
1099212
6654210
1469304
3829266
11514780
8356942
1502404
2404233
4465564
1133985
1273235
10327252
5033998
0267913
11755740
10362466
4477536
0418832
13069986
1588398
0118688
2191701
7126948
4682266
10342730
2101441
1131734
0259324
0112462
3045616
0758746
0799949
4334266
3605418
0080491
0114436
1298644
0464154
2304933
5697572
0983946
1341188
0312528
2345759
1467304
1087461
10155932
0426592
0103596
0938283
0816462
1673434
1234719
2274648
1956620
0117765
0330099
3371366
4590256
0424774
1293847
6475714
0287978
0108255
1981128
3554046
8707922
0430912
1333125
1361336
5013984
10962368
0498353
2403021
5814060
11873440
0115624
13056008
3322940
0257106
3838992
8784956
0089893
0368226
1628841
0949731
6802400
0805647
4532826
0091225
10600398
0093507
1121096
0242423
4287320
5246700
0120891
8150814
10039344
1038686
0397065
1325004
0085750
10691162
0859163
6772950
5563324
1259571
0114614
0120738
1098327
1324999
0331632
2592614
1572315
0119190
0970416
8695030
0377818
0089173
0109813
8201852
0061452
1617661
1855325
0758730
0120177
0118615
9419056
0306047
1032815
0277296
1213644
0120685
1179056
0865554
0952640
1480656
1075747
0901476
1261945
0097257
1316037
0116654
0475944
0084021
6372694
0211443
1714203
1103153
1071875
0252076
0327162
12383460
0467197
0185431
0113820
0411705
0102782
10682266
7329656
1758810
2171867
0253867
7315484
0138304
9086228
0102558
1241317
0120841
0275022
1921064
0402022
0081353
7134096
0429591
2058673
1392197
2479478
1608290
0091499
4463816
0780622
13978306
1823664
6905696
10121392
0443649
1633356
0305357
0095179
0419706
9691136
0441796
1486185
3612126
2717822
0417148
0171363
0111301
0104692
1391034
0115683
0413099
0088206
2193215
1144884
4913966
0362120
0097388
0097647
0089686
4479380
10418662
1255919
13029044
10515988
2334871
1243974
4687108
1530509
0107254
1464763
1686821
1598828
6127004
0327554
0479997
1620680
0238546
4685762
0383060
6199572
1920849
0120185
0160184
4799050
0120179
0109456
0449010
0108162
3181822
6476140
1114740
0477051
5690360
3835080
9820556
0105428
0094074
0109287
1564777
0795461
0228333
1592873
0383010
0106598
0338459
0457400
4877122
0357277
2205401
0093278
0318081
0387575
1606378
0112715
0360556
6133466
1240982
0199626
5884234
0402901
1883367
9252508
10333426
11762434
2292959
0962726
0405336
0257516
1045778
1767382
2039338
0100507
4382872
0938330
0810913
0368975
3089630
8461224
0185183
0811138
0430304
0790604
13061914
1114677
0398913
4986098
7897330
4019560
1139592
0472181
0446013
1815862
5734576
1198138
0106400
0362165
0298814
3317234
1222817
0234829
12783454
0086393
0085636
0093300
0424823
0382992
6802308
1285009
0333780
0107978
1139668
1073498
7545266
4154916
0097138
0108308
0104009
1093357
0100934
0356634
0363282
0397078
4600952
0106453
1231580
0107387
0450345
0295427
2467046
0110978
1204977
0219653
0308506
0831887
0338094
0119303
0460780
0110216
0437179
0361620
8179388
0103923
0891592
0098382
1829012
0100419
0099697
1308728
0106375
0106471
0249380
0130018
0119137
0117331
6494418
0897361
4565520
0316732
0141369
0081777
3138104
2072230
0299930
2620590
7456312
0462396
0970866
0265087
0377109
1265990
3256226
2752772
1152398
1014775
2103254
0095560
0370032
2582500
0800069
0240515
0204313
0255798
2386237
0367085
0454970
2403029
0119707
5539054
0808510
6821012
0305711
0110613
0101917
3387542
1273678
0110989
5159414
2032572
10451914
1043726
0119432
0400497
1418377
0167427
0385307
3707106
0775440
11012066
2799166
9419834
6495770
0081383
0158622
2017020
5059406
0209475
2974918
1247690
0365125
7510346
4667094
0118998
0287717
10308928
2702724
1600195
0432291
0118661
0383222
0257568
1179891
0288045
0881891
0430308
0155975
0367652
0084745
0436339
0087032
4558376
0156934
11240506
1311067
0220506
0291502
0081529
0104437
10183816
0454082
1731701
5913798
6772804
0465624
1552224
0110123
5893332
0118539
0317676
1029360
1540011
0430770
0086361
9134216
0097981
1564585
1334102
0361467
0498381
5598292
1913166
1517489
2243537
0374536
0325703
0419946
0482599
1615918
0105629
6513656
1320261
0113451
2296777
3685236
0113253
0329028
0366174
0313911
0217630
0329691
5709188
0486640
0239395
1366365
6684714
0100240
7634968
0428251
1258972
2918436
0105643
0052077
1731697
1756851
4530884
9173418
0396592
0282209
1801552
0264150
0411951
1072748
0118665
0960890
1552211
0804492
0328099
2784512
0134983
0208003
0322589
1545304
0094118
0364970
0109198
0367631
1314228
0110657
4030600
0480271
0339034
0096870
0466342
0405469
0329774
0806147
1878841
0804452
0094824
2109184
1438173
0076009
5607028
1901024
0455857
0190374
0204626
0454919
0093756
0089421
0166276
2180994
0119310
1724970
0246894
0242998
1411704
0112625
0229260
0361841
0246989
7608028
2528814
0457495
1975159
2938956
0290095
1674784
10481868
4694544
0132245
0425430
0765476
1212974
0116514
0482603
0097474
2637294
1468846
0299172
3450650
0250310
0116756
3011960
3014666
0097368
0119013
0105477
0110647
2948790
1705952
1712170
0102719
0095687
1945062
1935194
0926129
0492389
1016075
0245803
0065832
1232783
0099994
2088003
1212436
2372251
0117723
0114345
1666186
0118570
0368578
2923316
3280262
0144814
1160996
3352390
0369226
0095889
0106761
0103956
0167456
0376105
2967224
3462710
2828996
0119123
0110907
0406759
1578275
0988849
0118747
1185266
1991245
0110687
0102034
0208988
0361925
1472584
0091777
2339741
0283026
1231277
0433386
0467110
0118604
2193265
1945084
0331468
9531772
0113114
0249516
0115986
2885364
0060666
0211181
0080391
5322012
1305591
0976238
6527426
0337917
0095882
4824308
0131704
0258038
3216348
1302067
0120458
3038708
0086129
0455499
0285462
1841642
0141109
0357507
0113010
0452681
0470055
0315297
0762114
0110725
0120764
7256866
5689068
0192731
1935897
0120207
0175526
0457297
0389328
2473510
0489282
1151922
0144528
0429573
0097179
0114825
0772193
1935896
0784972
1562871
0421729
0105128
2473682
0775539
2960930
0240900
5360952
0872230
0231402
0365957
0393735
0389957
0785007
1772240
0120604
1748197
1545754
0455362
0093857
1545106
0281373
0100050
0961722
1659343
2358925
1452628
3658772
0479968
0145893
0326769
3733778
0297181
0270846
0133046
0157472
0326856
0120662
0844671
4439620
0107438
0132910
0184907
1142800
2231554
0449086
0329717
9898858
0463872
1411664
2409818
6774786
0979434
3322892
7312940
0110857
0374563
10888594
0240462
0108539
0315824
0144964
0107478
0450336
1213012
1762399
2401807
1457765
1423995
0213790
0304711
0089280
1433822
2300975
0388419
4191580
0295254
2124787
2070862
4383594
2752758
0186975
3082898
1578882
0372873
0417056
0433412
0176269
3704538
0486578
0484562
2167202
0283632
3622110
0283426
0411475
1153706
2281159
0327247
0180052
3702652
0246544
1235448
0297162
0814022
1464174
1766094
0271263
0101627
0162983
0219952
2235779
1020885
0844993
1544608
1524575
0110027
4419364
1134854
1085492
1780762
1274586
2309260
1231287
0461703
0790804
1649443
0239949
1519461
0119718
1560985
0120786
7255568
8743064
0119109
0205271
0163983
0306734
0400426
4009460
0422774
0409011
0116421
4535650
0358349
1132449
1480295
0490181
0785077
0376108
1785635
2690138
1649444
0116311
0335121
2215285
0098105
8366590
3480796
1742650
6836936
0401815
1653690
0800003
0397044
0160236
1268987
0951335
1053859
0476958
1287468
0997047
0131646
0084814
5970844
0462244
1911662
0120390
0780534
0806027
0492486
3327624
0308208
10230426
1193516
1935302
1757742
1142433
1646926
7721946
6988116
1603257
0308353
0811106
0270980
0118589
4720702
0120596
1699231
1879032
0261289
7431594
1833673
0419984
5882970
1288403
1634121
2034139
0273517
1597522
1535612
0058548
1886493
0338763
14723224
10350922
0157262
1403988
2212008
1810697
0270707
0156841
1756799
1714209
0265808
10930586
0393635
0200469
0276830
3774790
2461132
6843812
0349467
0238552
1029231
0120724
0120701
2574698
5997666
1815708
0421051
0160484
7721800
1013860
4244162
1316622
0433442
1407049
10739666
0462229
7059844
0252028
0808240
10062556
2091478
5842616
0462395
1712159
2372222
1572311
1729637
6038600
1577061
7668842
1708532
1520498
3595298
6910020
2112131
5456546
3477064
1188982
6439558
1373215
